0,0.555,0.245,0.05,-0.055,-0.035,-0.025,-0.035,-0.04,0.0,0.005,0.025,0.04,0.045,0.04,0.04,0.03,0.025,0.02,-0.555,-0.245,-0.05,0.055,0.035,0.025,0.035,0.04,-0.0,-0.005,-0.025,-0.04,-0.045,-0.04,-0.04,-0.03,-0.025,-0.02
1,0.54,0.205,0.005,-0.06,-0.04,-0.03,-0.04,-0.04,-0.005,0.015,0.035,0.04,0.045,0.04,0.04,0.025,0.025,0.02,-0.54,-0.205,-0.005,0.06,0.04,0.03,0.04,0.04,0.005,-0.015,-0.035,-0.04,-0.045,-0.04,-0.04,-0.025,-0.025,-0.02
2,0.495,0.2,0.015,-0.06,-0.04,-0.035,-0.04,-0.04,-0.005,0.015,0.035,0.04,0.045,0.04,0.04,0.035,0.025,0.02,-0.495,-0.2,-0.015,0.06,0.04,0.035,0.04,0.04,0.005,-0.015,-0.035,-0.04,-0.045,-0.04,-0.04,-0.035,-0.025,-0.02
3,0.54,0.225,0.03,-0.055,-0.04,-0.03,-0.03,-0.035,0.0,0.015,0.035,0.04,0.045,0.04,0.045,0.035,0.025,0.025,-0.54,-0.225,-0.03,0.055,0.04,0.03,0.03,0.035,-0.0,-0.015,-0.035,-0.04,-0.045,-0.04,-0.045,-0.035,-0.025,-0.025
4,0.62,0.265,0.05,-0.04,-0.035,-0.035,-0.04,-0.05,-0.01,0.005,0.02,0.035,0.04,0.035,0.035,0.03,0.025,0.015,-0.62,-0.265,-0.05,0.04,0.035,0.035,0.04,0.05,0.01,-0.005,-0.02,-0.035,-0.04,-0.035,-0.035,-0.03,-0.025,-0.015
5,0.67,0.28,0.055,-0.03,-0.025,-0.03,-0.035,-0.045,-0.01,0.005,0.02,0.03,0.035,0.03,0.035,0.025,0.025,0.015,-0.67,-0.28,-0.055,0.03,0.025,0.03,0.035,0.045,0.01,-0.005,-0.02,-0.03,-0.035,-0.03,-0.035,-0.025,-0.025,-0.015
6,0.67,0.285,0.075,-0.01,-0.015,-0.02,-0.03,-0.04,-0.005,0.01,0.025,0.03,0.04,0.04,0.04,0.035,0.025,0.025,-0.67,-0.285,-0.075,0.01,0.015,0.02,0.03,0.04,0.005,-0.01,-0.025,-0.03,-0.04,-0.04,-0.04,-0.035,-0.025,-0.025
7,0.63,0.28,0.055,-0.025,-0.025,-0.03,-0.03,-0.03,0.0,0.02,0.03,0.035,0.05,0.045,0.05,0.04,0.04,0.035,-0.63,-0.28,-0.055,0.025,0.025,0.03,0.03,0.03,-0.0,-0.02,-0.03,-0.035,-0.05,-0.045,-0.05,-0.04,-0.04,-0.035
8,0.605,0.29,0.065,-0.02,-0.025,-0.025,-0.03,-0.035,0.0,0.015,0.025,0.035,0.05,0.05,0.055,0.045,0.04,0.035,-0.605,-0.29,-0.065,0.02,0.025,0.025,0.03,0.035,-0.0,-0.015,-0.025,-0.035,-0.05,-0.05,-0.055,-0.045,-0.04,-0.035
9,0.61,0.295,0.07,-0.025,-0.03,-0.03,-0.035,-0.04,-0.005,0.0,0.015,0.03,0.04,0.04,0.045,0.04,0.035,0.025,-0.61,-0.295,-0.07,0.025,0.03,0.03,0.035,0.04,0.005,-0.0,-0.015,-0.03,-0.04,-0.04,-0.045,-0.04,-0.035,-0.025
10,0.63,0.28,0.06,-0.04,-0.045,-0.035,-0.04,-0.04,-0.005,0.0,0.02,0.03,0.04,0.045,0.045,0.04,0.03,0.03,-0.63,-0.28,-0.06,0.04,0.045,0.035,0.04,0.04,0.005,-0.0,-0.02,-0.03,-0.04,-0.045,-0.045,-0.04,-0.03,-0.03
11,0.615,0.28,0.055,-0.035,-0.045,-0.04,-0.045,-0.05,-0.005,0.0,0.015,0.025,0.04,0.04,0.045,0.03,0.03,0.025,-0.615,-0.28,-0.055,0.035,0.045,0.04,0.045,0.05,0.005,-0.0,-0.015,-0.025,-0.04,-0.04,-0.045,-0.03,-0.03,-0.025
12,0.61,0.26,0.04,-0.04,-0.045,-0.04,-0.04,-0.045,-0.01,0.005,0.01,0.03,0.04,0.045,0.04,0.035,0.025,0.025,-0.61,-0.26,-0.04,0.04,0.045,0.04,0.04,0.045,0.01,-0.005,-0.01,-0.03,-0.04,-0.045,-0.04,-0.035,-0.025,-0.025
13,0.635,0.285,0.06,-0.025,-0.04,-0.04,-0.045,-0.05,-0.01,0.0,0.005,0.02,0.03,0.04,0.035,0.03,0.02,0.02,-0.635,-0.285,-0.06,0.025,0.04,0.04,0.045,0.05,0.01,-0.0,-0.005,-0.02,-0.03,-0.04,-0.035,-0.03,-0.02,-0.02
14,0.645,0.295,0.065,-0.025,-0.04,-0.04,-0.045,-0.05,-0.01,-0.005,0.005,0.015,0.03,0.035,0.035,0.025,0.02,0.02,-0.645,-0.295,-0.065,0.025,0.04,0.04,0.045,0.05,0.01,0.005,-0.005,-0.015,-0.03,-0.035,-0.035,-0.025,-0.02,-0.02
15,0.61,0.285,0.065,-0.025,-0.03,-0.03,-0.03,-0.035,-0.005,0.0,0.01,0.025,0.035,0.04,0.045,0.035,0.03,0.025,-0.61,-0.285,-0.065,0.025,0.03,0.03,0.03,0.035,0.005,-0.0,-0.01,-0.025,-0.035,-0.04,-0.045,-0.035,-0.03,-0.025
16,0.575,0.26,0.055,-0.025,-0.03,-0.03,-0.03,-0.035,-0.01,0.0,0.005,0.02,0.03,0.035,0.04,0.03,0.025,0.02,-0.575,-0.26,-0.055,0.025,0.03,0.03,0.03,0.035,0.01,-0.0,-0.005,-0.02,-0.03,-0.035,-0.04,-0.03,-0.025,-0.02
17,0.525,0.235,0.05,-0.04,-0.035,-0.04,-0.04,-0.04,-0.01,-0.005,0.0,0.015,0.025,0.035,0.03,0.03,0.02,0.01,-0.525,-0.235,-0.05,0.04,0.035,0.04,0.04,0.04,0.01,0.005,-0.0,-0.015,-0.025,-0.035,-0.03,-0.03,-0.02,-0.01
18,0.5,0.235,0.045,-0.035,-0.035,-0.035,-0.04,-0.045,-0.01,-0.005,0.005,0.015,0.025,0.035,0.035,0.025,0.02,0.01,-0.5,-0.235,-0.045,0.035,0.035,0.035,0.04,0.045,0.01,0.005,-0.005,-0.015,-0.025,-0.035,-0.035,-0.025,-0.02,-0.01
19,0.39,0.17,0.055,-0.03,-0.025,-0.025,-0.025,-0.025,0.0,0.0,0.01,0.02,0.03,0.04,0.035,0.035,0.025,0.015,-0.39,-0.17,-0.055,0.03,0.025,0.025,0.025,0.025,-0.0,-0.0,-0.01,-0.02,-0.03,-0.04,-0.035,-0.035,-0.025,-0.015
20,0.47,0.2,0.065,-0.025,-0.03,-0.035,-0.03,-0.04,-0.015,-0.01,0.005,0.02,0.025,0.035,0.035,0.03,0.02,0.015,-0.47,-0.2,-0.065,0.025,0.03,0.035,0.03,0.04,0.015,0.01,-0.005,-0.02,-0.025,-0.035,-0.035,-0.03,-0.02,-0.015
21,0.51,0.22,0.055,-0.035,-0.035,-0.04,-0.035,-0.035,-0.015,-0.005,0.0,0.015,0.02,0.03,0.035,0.025,0.02,0.015,-0.51,-0.22,-0.055,0.035,0.035,0.04,0.035,0.035,0.015,0.005,-0.0,-0.015,-0.02,-0.03,-0.035,-0.025,-0.02,-0.015
22,0.5,0.225,0.05,-0.04,-0.05,-0.045,-0.04,-0.045,-0.015,-0.005,0.0,0.015,0.03,0.03,0.035,0.03,0.02,0.015,-0.5,-0.225,-0.05,0.04,0.05,0.045,0.04,0.045,0.015,0.005,-0.0,-0.015,-0.03,-0.03,-0.035,-0.03,-0.02,-0.015
23,0.51,0.225,0.05,-0.04,-0.04,-0.045,-0.045,-0.045,-0.02,-0.015,0.0,0.01,0.025,0.03,0.03,0.025,0.02,0.015,-0.51,-0.225,-0.05,0.04,0.04,0.045,0.045,0.045,0.02,0.015,-0.0,-0.01,-0.025,-0.03,-0.03,-0.025,-0.02,-0.015
24,0.58,0.265,0.07,-0.035,-0.035,-0.045,-0.055,-0.05,-0.025,-0.015,0.0,0.01,0.025,0.03,0.035,0.025,0.02,0.015,-0.58,-0.265,-0.07,0.035,0.035,0.045,0.055,0.05,0.025,0.015,-0.0,-0.01,-0.025,-0.03,-0.035,-0.025,-0.02,-0.015
25,0.605,0.275,0.08,-0.03,-0.04,-0.055,-0.06,-0.055,-0.03,-0.02,-0.005,0.01,0.025,0.03,0.03,0.025,0.02,0.015,-0.605,-0.275,-0.08,0.03,0.04,0.055,0.06,0.055,0.03,0.02,0.005,-0.01,-0.025,-0.03,-0.03,-0.025,-0.02,-0.015
26,0.62,0.27,0.075,-0.035,-0.055,-0.065,-0.07,-0.065,-0.035,-0.025,-0.005,0.01,0.025,0.025,0.03,0.025,0.025,0.015,-0.62,-0.27,-0.075,0.035,0.055,0.065,0.07,0.065,0.035,0.025,0.005,-0.01,-0.025,-0.025,-0.03,-0.025,-0.025,-0.015
27,0.615,0.26,0.055,-0.045,-0.06,-0.07,-0.075,-0.07,-0.035,-0.025,-0.01,0.01,0.02,0.025,0.03,0.025,0.025,0.015,-0.615,-0.26,-0.055,0.045,0.06,0.07,0.075,0.07,0.035,0.025,0.01,-0.01,-0.02,-0.025,-0.03,-0.025,-0.025,-0.015
28,0.59,0.225,0.035,-0.055,-0.065,-0.075,-0.075,-0.07,-0.035,-0.025,-0.01,0.015,0.025,0.03,0.035,0.025,0.025,0.02,-0.59,-0.225,-0.035,0.055,0.065,0.075,0.075,0.07,0.035,0.025,0.01,-0.015,-0.025,-0.03,-0.035,-0.025,-0.025,-0.02
29,0.55,0.185,0.005,-0.065,-0.065,-0.075,-0.075,-0.07,-0.04,-0.03,-0.01,0.01,0.025,0.03,0.03,0.025,0.025,0.02,-0.55,-0.185,-0.005,0.065,0.065,0.075,0.075,0.07,0.04,0.03,0.01,-0.01,-0.025,-0.03,-0.03,-0.025,-0.025,-0.02
30,0.62,0.2,0.005,-0.075,-0.075,-0.085,-0.085,-0.075,-0.05,-0.03,-0.01,0.01,0.025,0.03,0.03,0.03,0.025,0.015,-0.62,-0.2,-0.005,0.075,0.075,0.085,0.085,0.075,0.05,0.03,0.01,-0.01,-0.025,-0.03,-0.03,-0.03,-0.025,-0.015
31,0.625,0.2,0.0,-0.08,-0.08,-0.085,-0.085,-0.07,-0.045,-0.03,-0.005,0.01,0.025,0.035,0.03,0.03,0.025,0.02,-0.625,-0.2,-0.0,0.08,0.08,0.085,0.085,0.07,0.045,0.03,0.005,-0.01,-0.025,-0.035,-0.03,-0.03,-0.025,-0.02
32,0.6,0.19,0.0,-0.085,-0.085,-0.09,-0.085,-0.075,-0.045,-0.03,-0.01,0.01,0.02,0.03,0.03,0.03,0.025,0.015,-0.6,-0.19,-0.0,0.085,0.085,0.09,0.085,0.075,0.045,0.03,0.01,-0.01,-0.02,-0.03,-0.03,-0.03,-0.025,-0.015
33,0.605,0.2,0.0,-0.09,-0.105,-0.105,-0.09,-0.075,-0.04,-0.03,-0.015,0.005,0.015,0.025,0.03,0.025,0.02,0.015,-0.605,-0.2,-0.0,0.09,0.105,0.105,0.09,0.075,0.04,0.03,0.015,-0.005,-0.015,-0.025,-0.03,-0.025,-0.02,-0.015
34,0.635,0.23,0.015,-0.085,-0.105,-0.105,-0.09,-0.07,-0.035,-0.03,-0.015,0.005,0.02,0.025,0.03,0.025,0.02,0.015,-0.635,-0.23,-0.015,0.085,0.105,0.105,0.09,0.07,0.035,0.03,0.015,-0.005,-0.02,-0.025,-0.03,-0.025,-0.02,-0.015
35,0.64,0.22,0.005,-0.085,-0.095,-0.095,-0.085,-0.065,-0.035,-0.025,-0.01,0.0,0.015,0.025,0.025,0.025,0.02,0.015,-0.64,-0.22,-0.005,0.085,0.095,0.095,0.085,0.065,0.035,0.025,0.01,-0.0,-0.015,-0.025,-0.025,-0.025,-0.02,-0.015
36,0.64,0.22,0.01,-0.09,-0.11,-0.105,-0.09,-0.065,-0.035,-0.025,-0.01,0.0,0.015,0.025,0.025,0.02,0.02,0.015,-0.64,-0.22,-0.01,0.09,0.11,0.105,0.09,0.065,0.035,0.025,0.01,-0.0,-0.015,-0.025,-0.025,-0.02,-0.02,-0.015
37,0.635,0.22,0.005,-0.095,-0.105,-0.105,-0.09,-0.065,-0.035,-0.025,-0.01,-0.005,0.01,0.02,0.025,0.02,0.015,0.01,-0.635,-0.22,-0.005,0.095,0.105,0.105,0.09,0.065,0.035,0.025,0.01,0.005,-0.01,-0.02,-0.025,-0.02,-0.015,-0.01
38,0.645,0.205,0.0,-0.09,-0.105,-0.11,-0.095,-0.075,-0.045,-0.03,-0.02,-0.005,0.01,0.015,0.015,0.01,0.01,0.005,-0.645,-0.205,-0.0,0.09,0.105,0.11,0.095,0.075,0.045,0.03,0.02,0.005,-0.01,-0.015,-0.015,-0.01,-0.01,-0.005
39,0.63,0.19,-0.005,-0.095,-0.12,-0.12,-0.105,-0.085,-0.055,-0.04,-0.02,-0.01,0.005,0.005,0.015,0.01,0.01,0.005,-0.63,-0.19,0.005,0.095,0.12,0.12,0.105,0.085,0.055,0.04,0.02,0.01,-0.005,-0.005,-0.015,-0.01,-0.01,-0.005
40,0.64,0.2,0.01,-0.075,-0.105,-0.11,-0.105,-0.085,-0.055,-0.045,-0.025,-0.01,0.0,0.01,0.015,0.01,0.01,0.01,-0.64,-0.2,-0.01,0.075,0.105,0.11,0.105,0.085,0.055,0.045,0.025,0.01,-0.0,-0.01,-0.015,-0.01,-0.01,-0.01
41,0.645,0.19,0.005,-0.07,-0.09,-0.1,-0.095,-0.085,-0.06,-0.045,-0.025,-0.01,0.0,0.005,0.015,0.01,0.01,0.01,-0.645,-0.19,-0.005,0.07,0.09,0.1,0.095,0.085,0.06,0.045,0.025,0.01,-0.0,-0.005,-0.015,-0.01,-0.01,-0.01
42,0.64,0.165,0.005,-0.07,-0.09,-0.1,-0.09,-0.08,-0.055,-0.04,-0.025,-0.01,0.005,0.015,0.02,0.015,0.015,0.015,-0.64,-0.165,-0.005,0.07,0.09,0.1,0.09,0.08,0.055,0.04,0.025,0.01,-0.005,-0.015,-0.02,-0.015,-0.015,-0.015
43,0.65,0.18,0.015,-0.065,-0.095,-0.11,-0.095,-0.085,-0.06,-0.04,-0.025,-0.01,0.005,0.01,0.02,0.015,0.015,0.015,-0.65,-0.18,-0.015,0.065,0.095,0.11,0.095,0.085,0.06,0.04,0.025,0.01,-0.005,-0.01,-0.02,-0.015,-0.015,-0.015
44,0.635,0.145,0.0,-0.08,-0.115,-0.12,-0.1,-0.085,-0.05,-0.04,-0.015,-0.005,0.01,0.01,0.02,0.02,0.015,0.015,-0.635,-0.145,-0.0,0.08,0.115,0.12,0.1,0.085,0.05,0.04,0.015,0.005,-0.01,-0.01,-0.02,-0.02,-0.015,-0.015
45,0.665,0.17,0.01,-0.085,-0.11,-0.11,-0.1,-0.085,-0.055,-0.035,-0.02,-0.01,0.005,0.01,0.015,0.015,0.015,0.01,-0.665,-0.17,-0.01,0.085,0.11,0.11,0.1,0.085,0.055,0.035,0.02,0.01,-0.005,-0.01,-0.015,-0.015,-0.015,-0.01
46,0.69,0.19,0.02,-0.08,-0.115,-0.11,-0.095,-0.09,-0.06,-0.045,-0.025,-0.01,0.0,0.005,0.015,0.015,0.015,0.01,-0.69,-0.19,-0.02,0.08,0.115,0.11,0.095,0.09,0.06,0.045,0.025,0.01,-0.0,-0.005,-0.015,-0.015,-0.015,-0.01
47,0.66,0.175,0.005,-0.085,-0.12,-0.115,-0.095,-0.085,-0.065,-0.045,-0.03,-0.01,0.0,0.005,0.015,0.015,0.015,0.02,-0.66,-0.175,-0.005,0.085,0.12,0.115,0.095,0.085,0.065,0.045,0.03,0.01,-0.0,-0.005,-0.015,-0.015,-0.015,-0.02
48,0.66,0.15,-0.005,-0.085,-0.12,-0.115,-0.095,-0.085,-0.06,-0.045,-0.025,-0.01,0.0,0.01,0.02,0.015,0.02,0.02,-0.66,-0.15,0.005,0.085,0.12,0.115,0.095,0.085,0.06,0.045,0.025,0.01,-0.0,-0.01,-0.02,-0.015,-0.02,-0.02
49,0.66,0.155,-0.005,-0.085,-0.11,-0.11,-0.095,-0.085,-0.06,-0.04,-0.025,-0.01,0.0,0.01,0.015,0.02,0.02,0.02,-0.66,-0.155,0.005,0.085,0.11,0.11,0.095,0.085,0.06,0.04,0.025,0.01,-0.0,-0.01,-0.015,-0.02,-0.02,-0.02
50,0.68,0.17,0.01,-0.075,-0.1,-0.105,-0.09,-0.085,-0.06,-0.04,-0.02,-0.01,0.005,0.01,0.02,0.025,0.02,0.02,-0.68,-0.17,-0.01,0.075,0.1,0.105,0.09,0.085,0.06,0.04,0.02,0.01,-0.005,-0.01,-0.02,-0.025,-0.02,-0.02
51,0.68,0.18,0.015,-0.065,-0.1,-0.1,-0.09,-0.085,-0.065,-0.045,-0.025,-0.015,0.0,0.01,0.015,0.02,0.025,0.015,-0.68,-0.18,-0.015,0.065,0.1,0.1,0.09,0.085,0.065,0.045,0.025,0.015,-0.0,-0.01,-0.015,-0.02,-0.025,-0.015
52,0.665,0.185,0.01,-0.07,-0.095,-0.095,-0.09,-0.08,-0.05,-0.035,-0.02,-0.01,0.005,0.01,0.02,0.02,0.025,0.015,-0.665,-0.185,-0.01,0.07,0.095,0.095,0.09,0.08,0.05,0.035,0.02,0.01,-0.005,-0.01,-0.02,-0.02,-0.025,-0.015
53,0.645,0.165,0.005,-0.07,-0.1,-0.1,-0.09,-0.075,-0.05,-0.03,-0.02,-0.005,0.0,0.005,0.015,0.02,0.02,0.015,-0.645,-0.165,-0.005,0.07,0.1,0.1,0.09,0.075,0.05,0.03,0.02,0.005,-0.0,-0.005,-0.015,-0.02,-0.02,-0.015
54,0.835,0.275,0.02,-0.08,-0.12,-0.12,-0.11,-0.095,-0.06,-0.04,-0.025,-0.01,0.0,0.01,0.01,0.01,0.01,0.01,-0.835,-0.275,-0.02,0.08,0.12,0.12,0.11,0.095,0.06,0.04,0.025,0.01,-0.0,-0.01,-0.01,-0.01,-0.01,-0.01
55,0.91,0.365,0.075,-0.095,-0.14,-0.145,-0.135,-0.11,-0.07,-0.05,-0.03,-0.01,0.0,0.005,0.01,0.01,0.015,0.01,-0.91,-0.365,-0.075,0.095,0.14,0.145,0.135,0.11,0.07,0.05,0.03,0.01,-0.0,-0.005,-0.01,-0.01,-0.015,-0.01
56,0.932,0.375,0.06,-0.09,-0.16,-0.165,-0.145,-0.115,-0.06,-0.04,-0.02,-0.01,0.005,0.005,0.015,0.015,0.015,0.02,-0.932,-0.375,-0.06,0.09,0.16,0.165,0.145,0.115,0.06,0.04,0.02,0.01,-0.005,-0.005,-0.015,-0.015,-0.015,-0.02
57,0.4,0.07,-0.08,-0.155,-0.165,-0.15,-0.12,-0.055,-0.035,-0.02,-0.005,0.005,0.01,0.02,0.015,0.025,0.02,0.02,-0.4,-0.07,0.08,0.155,0.165,0.15,0.12,0.055,0.035,0.02,0.005,-0.005,-0.01,-0.02,-0.015,-0.025,-0.02,-0.02
58,0.43,0.07,-0.07,-0.155,-0.165,-0.145,-0.115,-0.055,-0.035,-0.02,-0.01,0.005,0.01,0.015,0.02,0.015,0.02,0.02,-0.43,-0.07,0.07,0.155,0.165,0.145,0.115,0.055,0.035,0.02,0.01,-0.005,-0.01,-0.015,-0.02,-0.015,-0.02,-0.02
59,0.455,0.065,-0.075,-0.15,-0.16,-0.135,-0.11,-0.055,-0.03,-0.02,-0.015,0.0,0.0,0.015,0.015,0.015,0.02,0.02,-0.455,-0.065,0.075,0.15,0.16,0.135,0.11,0.055,0.03,0.02,0.015,-0.0,-0.0,-0.015,-0.015,-0.015,-0.02,-0.02
60,0.49,0.07,-0.08,-0.155,-0.155,-0.135,-0.11,-0.055,-0.035,-0.02,-0.015,0.0,0.005,0.01,0.01,0.015,0.015,0.01,-0.49,-0.07,0.08,0.155,0.155,0.135,0.11,0.055,0.035,0.02,0.015,-0.0,-0.005,-0.01,-0.01,-0.015,-0.015,-0.01
61,0.535,0.08,-0.075,-0.16,-0.16,-0.13,-0.105,-0.05,-0.03,-0.02,-0.005,0.01,0.005,0.015,0.015,0.02,0.025,0.02,-0.535,-0.08,0.075,0.16,0.16,0.13,0.105,0.05,0.03,0.02,0.005,-0.01,-0.005,-0.015,-0.015,-0.02,-0.025,-0.02
62,0.555,0.085,-0.075,-0.16,-0.16,-0.135,-0.105,-0.05,-0.025,-0.01,-0.005,0.005,0.01,0.02,0.02,0.02,0.025,0.02,-0.555,-0.085,0.075,0.16,0.16,0.135,0.105,0.05,0.025,0.01,0.005,-0.005,-0.01,-0.02,-0.02,-0.02,-0.025,-0.02
63,0.555,0.08,-0.075,-0.155,-0.16,-0.135,-0.1,-0.04,-0.03,-0.015,0.0,0.005,0.005,0.015,0.02,0.02,0.025,0.02,-0.555,-0.08,0.075,0.155,0.16,0.135,0.1,0.04,0.03,0.015,-0.0,-0.005,-0.005,-0.015,-0.02,-0.02,-0.025,-0.02
64,0.575,0.09,-0.07,-0.145,-0.15,-0.13,-0.1,-0.05,-0.03,-0.02,-0.01,0.01,0.005,0.015,0.02,0.025,0.02,0.025,-0.575,-0.09,0.07,0.145,0.15,0.13,0.1,0.05,0.03,0.02,0.01,-0.01,-0.005,-0.015,-0.02,-0.025,-0.02,-0.025
65,0.555,0.07,-0.075,-0.155,-0.16,-0.14,-0.11,-0.05,-0.03,-0.015,-0.005,0.005,0.005,0.015,0.015,0.02,0.02,0.02,-0.555,-0.07,0.075,0.155,0.16,0.14,0.11,0.05,0.03,0.015,0.005,-0.005,-0.005,-0.015,-0.015,-0.02,-0.02,-0.02
66,0.52,0.05,-0.085,-0.15,-0.16,-0.14,-0.115,-0.06,-0.04,-0.025,-0.015,0.0,0.0,0.01,0.015,0.015,0.015,0.02,-0.52,-0.05,0.085,0.15,0.16,0.14,0.115,0.06,0.04,0.025,0.015,-0.0,-0.0,-0.01,-0.015,-0.015,-0.015,-0.02
67,0.44,0.045,-0.095,-0.16,-0.17,-0.155,-0.125,-0.065,-0.04,-0.03,-0.01,0.0,0.005,0.01,0.01,0.015,0.02,0.015,-0.44,-0.045,0.095,0.16,0.17,0.155,0.125,0.065,0.04,0.03,0.01,-0.0,-0.005,-0.01,-0.01,-0.015,-0.02,-0.015
68,0.465,0.06,-0.085,-0.16,-0.17,-0.15,-0.125,-0.065,-0.045,-0.025,-0.015,0.0,0.01,0.01,0.015,0.015,0.015,0.02,-0.465,-0.06,0.085,0.16,0.17,0.15,0.125,0.065,0.045,0.025,0.015,-0.0,-0.01,-0.01,-0.015,-0.015,-0.015,-0.02
69,0.44,0.045,-0.1,-0.175,-0.18,-0.16,-0.13,-0.07,-0.045,-0.03,-0.015,-0.005,0.005,0.01,0.015,0.01,0.015,0.015,-0.44,-0.045,0.1,0.175,0.18,0.16,0.13,0.07,0.045,0.03,0.015,0.005,-0.005,-0.01,-0.015,-0.01,-0.015,-0.015
70,0.46,0.04,-0.11,-0.185,-0.185,-0.165,-0.135,-0.07,-0.05,-0.03,-0.01,0.005,0.005,0.01,0.015,0.01,0.015,0.02,-0.46,-0.04,0.11,0.185,0.185,0.165,0.135,0.07,0.05,0.03,0.01,-0.005,-0.005,-0.01,-0.015,-0.01,-0.015,-0.02
71,0.49,0.04,-0.11,-0.185,-0.195,-0.175,-0.135,-0.07,-0.04,-0.02,-0.005,0.015,0.01,0.015,0.02,0.015,0.02,0.015,-0.49,-0.04,0.11,0.185,0.195,0.175,0.135,0.07,0.04,0.02,0.005,-0.015,-0.01,-0.015,-0.02,-0.015,-0.02,-0.015
72,0.5,0.035,-0.12,-0.195,-0.205,-0.185,-0.155,-0.085,-0.055,-0.02,-0.01,0.005,0.01,0.015,0.02,0.015,0.015,0.02,-0.5,-0.035,0.12,0.195,0.205,0.185,0.155,0.085,0.055,0.02,0.01,-0.005,-0.01,-0.015,-0.02,-0.015,-0.015,-0.02
73,0.48,0.02,-0.125,-0.2,-0.205,-0.185,-0.155,-0.08,-0.05,-0.025,-0.005,0.01,0.01,0.015,0.025,0.02,0.02,0.02,-0.48,-0.02,0.125,0.2,0.205,0.185,0.155,0.08,0.05,0.025,0.005,-0.01,-0.01,-0.015,-0.025,-0.02,-0.02,-0.02
74,0.47,0.02,-0.13,-0.21,-0.215,-0.19,-0.155,-0.085,-0.05,-0.025,-0.01,0.005,0.01,0.015,0.02,0.02,0.02,0.02,-0.47,-0.02,0.13,0.21,0.215,0.19,0.155,0.085,0.05,0.025,0.01,-0.005,-0.01,-0.015,-0.02,-0.02,-0.02,-0.02
75,0.47,0.025,-0.13,-0.21,-0.215,-0.19,-0.155,-0.09,-0.055,-0.03,-0.005,0.005,0.015,0.015,0.025,0.02,0.025,0.025,-0.47,-0.025,0.13,0.21,0.215,0.19,0.155,0.09,0.055,0.03,0.005,-0.005,-0.015,-0.015,-0.025,-0.02,-0.025,-0.025
76,0.405,0.015,-0.125,-0.195,-0.205,-0.18,-0.145,-0.085,-0.055,-0.03,-0.01,0.005,0.01,0.02,0.02,0.025,0.025,0.025,-0.405,-0.015,0.125,0.195,0.205,0.18,0.145,0.085,0.055,0.03,0.01,-0.005,-0.01,-0.02,-0.02,-0.025,-0.025,-0.025
77,0.395,0.015,-0.135,-0.2,-0.205,-0.175,-0.14,-0.08,-0.06,-0.035,-0.02,-0.005,0.005,0.015,0.02,0.015,0.015,0.015,-0.395,-0.015,0.135,0.2,0.205,0.175,0.14,0.08,0.06,0.035,0.02,0.005,-0.005,-0.015,-0.02,-0.015,-0.015,-0.015
78,0.43,0.015,-0.135,-0.205,-0.22,-0.175,-0.135,-0.085,-0.06,-0.04,-0.02,-0.005,0.005,0.02,0.02,0.02,0.015,0.015,-0.43,-0.015,0.135,0.205,0.22,0.175,0.135,0.085,0.06,0.04,0.02,0.005,-0.005,-0.02,-0.02,-0.02,-0.015,-0.015
79,0.46,0.03,-0.115,-0.19,-0.22,-0.18,-0.14,-0.075,-0.055,-0.035,-0.015,0.0,0.005,0.015,0.02,0.02,0.02,0.015,-0.46,-0.03,0.115,0.19,0.22,0.18,0.14,0.075,0.055,0.035,0.015,-0.0,-0.005,-0.015,-0.02,-0.02,-0.02,-0.015
80,0.465,0.045,-0.105,-0.18,-0.215,-0.18,-0.135,-0.075,-0.055,-0.035,-0.015,0.0,0.005,0.015,0.02,0.02,0.02,0.02,-0.465,-0.045,0.105,0.18,0.215,0.18,0.135,0.075,0.055,0.035,0.015,-0.0,-0.005,-0.015,-0.02,-0.02,-0.02,-0.02
81,0.445,0.05,-0.105,-0.17,-0.21,-0.18,-0.135,-0.08,-0.05,-0.04,-0.02,0.0,0.005,0.015,0.02,0.02,0.02,0.02,-0.445,-0.05,0.105,0.17,0.21,0.18,0.135,0.08,0.05,0.04,0.02,-0.0,-0.005,-0.015,-0.02,-0.02,-0.02,-0.02
82,0.425,0.05,-0.11,-0.17,-0.21,-0.175,-0.125,-0.07,-0.05,-0.035,-0.02,0.0,0.005,0.015,0.02,0.025,0.02,0.02,-0.425,-0.05,0.11,0.17,0.21,0.175,0.125,0.07,0.05,0.035,0.02,-0.0,-0.005,-0.015,-0.02,-0.025,-0.02,-0.02
83,0.44,0.05,-0.1,-0.165,-0.2,-0.17,-0.125,-0.065,-0.055,-0.04,-0.015,-0.005,0.005,0.01,0.02,0.02,0.02,0.02,-0.44,-0.05,0.1,0.165,0.2,0.17,0.125,0.065,0.055,0.04,0.015,0.005,-0.005,-0.01,-0.02,-0.02,-0.02,-0.02
84,0.45,0.055,-0.1,-0.16,-0.195,-0.165,-0.12,-0.07,-0.05,-0.04,-0.02,0.0,0.0,0.015,0.02,0.02,0.02,0.015,-0.45,-0.055,0.1,0.16,0.195,0.165,0.12,0.07,0.05,0.04,0.02,-0.0,-0.0,-0.015,-0.02,-0.02,-0.02,-0.015
85,0.495,0.06,-0.09,-0.155,-0.195,-0.165,-0.12,-0.075,-0.055,-0.045,-0.02,-0.01,0.0,0.01,0.015,0.02,0.015,0.015,-0.495,-0.06,0.09,0.155,0.195,0.165,0.12,0.075,0.055,0.045,0.02,0.01,-0.0,-0.01,-0.015,-0.02,-0.015,-0.015
86,0.49,0.055,-0.095,-0.165,-0.2,-0.165,-0.12,-0.07,-0.055,-0.035,-0.02,-0.005,0.005,0.015,0.02,0.025,0.015,0.02,-0.49,-0.055,0.095,0.165,0.2,0.165,0.12,0.07,0.055,0.035,0.02,0.005,-0.005,-0.015,-0.02,-0.025,-0.015,-0.02
87,0.52,0.065,-0.1,-0.17,-0.215,-0.175,-0.125,-0.07,-0.055,-0.04,-0.025,-0.01,0.005,0.01,0.02,0.02,0.02,0.01,-0.52,-0.065,0.1,0.17,0.215,0.175,0.125,0.07,0.055,0.04,0.025,0.01,-0.005,-0.01,-0.02,-0.02,-0.02,-0.01
88,0.405,0.03,-0.115,-0.19,-0.235,-0.19,-0.135,-0.08,-0.055,-0.04,-0.025,-0.005,0.01,0.015,0.02,0.02,0.02,0.015,-0.405,-0.03,0.115,0.19,0.235,0.19,0.135,0.08,0.055,0.04,0.025,0.005,-0.01,-0.015,-0.02,-0.02,-0.02,-0.015
89,0.425,0.04,-0.11,-0.19,-0.23,-0.18,-0.125,-0.065,-0.05,-0.035,-0.015,0.005,0.01,0.015,0.02,0.025,0.02,0.015,-0.425,-0.04,0.11,0.19,0.23,0.18,0.125,0.065,0.05,0.035,0.015,-0.005,-0.01,-0.015,-0.02,-0.025,-0.02,-0.015
90,0.47,0.045,-0.095,-0.17,-0.21,-0.165,-0.115,-0.06,-0.045,-0.03,-0.02,0.0,0.005,0.015,0.02,0.015,0.015,0.015,-0.47,-0.045,0.095,0.17,0.21,0.165,0.115,0.06,0.045,0.03,0.02,-0.0,-0.005,-0.015,-0.02,-0.015,-0.015,-0.015
91,0.5,0.055,-0.1,-0.175,-0.21,-0.165,-0.115,-0.065,-0.05,-0.03,-0.02,0.0,0.01,0.015,0.02,0.02,0.015,0.015,-0.5,-0.055,0.1,0.175,0.21,0.165,0.115,0.065,0.05,0.03,0.02,-0.0,-0.01,-0.015,-0.02,-0.02,-0.015,-0.015
92,0.525,0.055,-0.1,-0.18,-0.22,-0.17,-0.12,-0.065,-0.05,-0.035,-0.015,-0.005,0.005,0.01,0.02,0.02,0.015,0.015,-0.525,-0.055,0.1,0.18,0.22,0.17,0.12,0.065,0.05,0.035,0.015,0.005,-0.005,-0.01,-0.02,-0.02,-0.015,-0.015
93,0.53,0.06,-0.11,-0.185,-0.22,-0.175,-0.13,-0.07,-0.055,-0.035,-0.025,-0.005,0.005,0.01,0.02,0.02,0.015,0.01,-0.53,-0.06,0.11,0.185,0.22,0.175,0.13,0.07,0.055,0.035,0.025,0.005,-0.005,-0.01,-0.02,-0.02,-0.015,-0.01
94,0.56,0.085,-0.09,-0.185,-0.22,-0.18,-0.135,-0.075,-0.06,-0.035,-0.025,-0.005,0.0,0.01,0.01,0.01,0.015,0.005,-0.56,-0.085,0.09,0.185,0.22,0.18,0.135,0.075,0.06,0.035,0.025,0.005,-0.0,-0.01,-0.01,-0.01,-0.015,-0.005
95,0.575,0.095,-0.08,-0.17,-0.22,-0.175,-0.135,-0.08,-0.06,-0.045,-0.03,-0.015,-0.005,0.005,0.01,0.01,0.005,0.005,-0.575,-0.095,0.08,0.17,0.22,0.175,0.135,0.08,0.06,0.045,0.03,0.015,0.005,-0.005,-0.01,-0.01,-0.005,-0.005
96,0.595,0.125,-0.06,-0.15,-0.2,-0.17,-0.14,-0.09,-0.065,-0.045,-0.035,-0.02,-0.01,0.0,0.0,0.01,0.01,0.005,-0.595,-0.125,0.06,0.15,0.2,0.17,0.14,0.09,0.065,0.045,0.035,0.02,0.01,-0.0,-0.0,-0.01,-0.01,-0.005
97,0.595,0.13,-0.055,-0.135,-0.18,-0.17,-0.13,-0.09,-0.075,-0.055,-0.04,-0.025,-0.015,0.0,0.005,0.01,0.01,0.01,-0.595,-0.13,0.055,0.135,0.18,0.17,0.13,0.09,0.075,0.055,0.04,0.025,0.015,-0.0,-0.005,-0.01,-0.01,-0.01
98,0.595,0.125,-0.05,-0.12,-0.165,-0.155,-0.125,-0.095,-0.075,-0.06,-0.05,-0.03,-0.02,-0.01,0.005,0.01,0.01,0.015,-0.595,-0.125,0.05,0.12,0.165,0.155,0.125,0.095,0.075,0.06,0.05,0.03,0.02,0.01,-0.005,-0.01,-0.01,-0.015
99,0.6,0.125,-0.05,-0.135,-0.185,-0.155,-0.135,-0.09,-0.075,-0.05,-0.045,-0.025,-0.02,-0.005,0.0,0.005,0.01,0.01,-0.6,-0.125,0.05,0.135,0.185,0.155,0.135,0.09,0.075,0.05,0.045,0.025,0.02,0.005,-0.0,-0.005,-0.01,-0.01
100,0.61,0.13,-0.045,-0.14,-0.185,-0.165,-0.13,-0.09,-0.065,-0.05,-0.04,-0.025,-0.015,-0.01,0.0,0.0,0.005,0.01,-0.61,-0.13,0.045,0.14,0.185,0.165,0.13,0.09,0.065,0.05,0.04,0.025,0.015,0.01,-0.0,-0.0,-0.005,-0.01
101,0.64,0.165,-0.025,-0.135,-0.19,-0.165,-0.135,-0.08,-0.07,-0.045,-0.04,-0.02,-0.015,-0.01,0.005,0.005,0.005,0.005,-0.64,-0.165,0.025,0.135,0.19,0.165,0.135,0.08,0.07,0.045,0.04,0.02,0.015,0.01,-0.005,-0.005,-0.005,-0.005
102,0.625,0.165,-0.025,-0.135,-0.185,-0.165,-0.135,-0.08,-0.06,-0.05,-0.035,-0.02,-0.015,-0.005,0.005,0.01,0.01,0.01,-0.625,-0.165,0.025,0.135,0.185,0.165,0.135,0.08,0.06,0.05,0.035,0.02,0.015,0.005,-0.005,-0.01,-0.01,-0.01
103,0.645,0.155,-0.03,-0.135,-0.185,-0.165,-0.13,-0.085,-0.065,-0.05,-0.04,-0.025,-0.015,-0.005,0.0,0.005,0.01,0.005,-0.645,-0.155,0.03,0.135,0.185,0.165,0.13,0.085,0.065,0.05,0.04,0.025,0.015,0.005,-0.0,-0.005,-0.01,-0.005
104,0.695,0.205,0.0,-0.105,-0.165,-0.16,-0.14,-0.11,-0.095,-0.07,-0.06,-0.04,-0.03,-0.015,-0.005,0.005,0.005,0.01,-0.695,-0.205,-0.0,0.105,0.165,0.16,0.14,0.11,0.095,0.07,0.06,0.04,0.03,0.015,0.005,-0.005,-0.005,-0.01
105,0.705,0.225,0.03,-0.07,-0.155,-0.165,-0.16,-0.125,-0.105,-0.075,-0.065,-0.045,-0.035,-0.02,-0.005,0.005,0.015,0.015,-0.705,-0.225,-0.03,0.07,0.155,0.165,0.16,0.125,0.105,0.075,0.065,0.045,0.035,0.02,0.005,-0.005,-0.015,-0.015
106,0.73,0.22,0.04,-0.05,-0.135,-0.165,-0.16,-0.135,-0.105,-0.08,-0.06,-0.045,-0.03,-0.025,-0.01,0.005,0.01,0.015,-0.73,-0.22,-0.04,0.05,0.135,0.165,0.16,0.135,0.105,0.08,0.06,0.045,0.03,0.025,0.01,-0.005,-0.01,-0.015
107,0.785,0.245,0.04,-0.045,-0.14,-0.17,-0.165,-0.14,-0.11,-0.08,-0.065,-0.04,-0.025,-0.02,-0.01,0.005,0.01,0.02,-0.785,-0.245,-0.04,0.045,0.14,0.17,0.165,0.14,0.11,0.08,0.065,0.04,0.025,0.02,0.01,-0.005,-0.01,-0.02
108,0.77,0.265,0.03,-0.06,-0.145,-0.175,-0.155,-0.13,-0.105,-0.075,-0.06,-0.035,-0.03,-0.015,-0.005,0.005,0.015,0.015,-0.77,-0.265,-0.03,0.06,0.145,0.175,0.155,0.13,0.105,0.075,0.06,0.035,0.03,0.015,0.005,-0.005,-0.015,-0.015
109,0.775,0.265,0.005,-0.08,-0.165,-0.185,-0.15,-0.115,-0.095,-0.07,-0.05,-0.03,-0.02,-0.02,-0.005,0.0,0.005,0.015,-0.775,-0.265,-0.005,0.08,0.165,0.185,0.15,0.115,0.095,0.07,0.05,0.03,0.02,0.02,0.005,-0.0,-0.005,-0.015
110,0.83,0.275,0.0,-0.09,-0.18,-0.205,-0.175,-0.135,-0.11,-0.08,-0.055,-0.035,-0.02,-0.01,-0.01,-0.005,0.01,0.015,-0.83,-0.275,-0.0,0.09,0.18,0.205,0.175,0.135,0.11,0.08,0.055,0.035,0.02,0.01,0.01,0.005,-0.01,-0.015
111,0.845,0.275,-0.01,-0.105,-0.19,-0.215,-0.18,-0.14,-0.12,-0.075,-0.06,-0.04,-0.03,-0.01,-0.005,0.0,0.005,0.01,-0.845,-0.275,0.01,0.105,0.19,0.215,0.18,0.14,0.12,0.075,0.06,0.04,0.03,0.01,0.005,-0.0,-0.005,-0.01
112,0.855,0.29,-0.015,-0.12,-0.205,-0.215,-0.19,-0.15,-0.125,-0.095,-0.07,-0.05,-0.025,-0.015,-0.005,0.0,0.005,0.005,-0.855,-0.29,0.015,0.12,0.205,0.215,0.19,0.15,0.125,0.095,0.07,0.05,0.025,0.015,0.005,-0.0,-0.005,-0.005
113,0.845,0.27,-0.005,-0.11,-0.2,-0.215,-0.18,-0.14,-0.12,-0.09,-0.065,-0.045,-0.025,-0.015,-0.01,0.0,0.005,0.01,-0.845,-0.27,0.005,0.11,0.2,0.215,0.18,0.14,0.12,0.09,0.065,0.045,0.025,0.015,0.01,-0.0,-0.005,-0.01
114,0.75,0.205,-0.035,-0.12,-0.2,-0.21,-0.175,-0.125,-0.105,-0.075,-0.06,-0.04,-0.025,-0.01,0.0,0.005,0.01,0.01,-0.75,-0.205,0.035,0.12,0.2,0.21,0.175,0.125,0.105,0.075,0.06,0.04,0.025,0.01,-0.0,-0.005,-0.01,-0.01
115,0.403,0.125,-0.055,-0.005,-0.05,-0.12,-0.135,-0.105,-0.1,-0.07,-0.075,-0.06,-0.025,0.005,0.01,0.015,0.015,0.015,-0.403,-0.125,0.055,0.005,0.05,0.12,0.135,0.105,0.1,0.07,0.075,0.06,0.025,-0.005,-0.01,-0.015,-0.015,-0.015
116,0.2,-0.02,-0.04,-0.07,-0.11,-0.135,-0.09,-0.11,-0.075,-0.085,-0.08,-0.04,-0.005,-0.005,0.005,0.01,0.01,0.005,-0.2,0.02,0.04,0.07,0.11,0.135,0.09,0.11,0.075,0.085,0.08,0.04,0.005,0.005,-0.005,-0.01,-0.01,-0.005
117,0.11,-0.05,-0.015,0.005,-0.005,-0.055,-0.045,-0.075,-0.055,-0.075,-0.08,-0.035,-0.01,0.0,0.005,0.025,0.035,0.015,-0.11,0.05,0.015,-0.005,0.005,0.055,0.045,0.075,0.055,0.075,0.08,0.035,0.01,-0.0,-0.005,-0.025,-0.035,-0.015
118,0.075,-0.06,-0.07,-0.05,-0.02,-0.055,-0.045,-0.065,-0.055,-0.06,-0.07,-0.04,-0.02,0.0,0.0,0.005,0.025,0.015,-0.075,0.06,0.07,0.05,0.02,0.055,0.045,0.065,0.055,0.06,0.07,0.04,0.02,-0.0,-0.0,-0.005,-0.025,-0.015
119,0.055,-0.07,-0.09,-0.065,-0.09,-0.085,-0.05,-0.055,-0.03,-0.04,-0.05,-0.015,-0.005,0.005,0.005,0.015,0.025,0.025,-0.055,0.07,0.09,0.065,0.09,0.085,0.05,0.055,0.03,0.04,0.05,0.015,0.005,-0.005,-0.005,-0.015,-0.025,-0.025
120,0.01,-0.125,-0.085,-0.07,-0.08,-0.07,-0.02,-0.03,-0.025,-0.03,-0.03,-0.005,0.005,0.015,0.01,0.01,0.02,0.015,-0.01,0.125,0.085,0.07,0.08,0.07,0.02,0.03,0.025,0.03,0.03,0.005,-0.005,-0.015,-0.01,-0.01,-0.02,-0.015
121,0.07,-0.12,-0.115,-0.095,-0.09,-0.09,-0.035,-0.04,-0.03,-0.04,-0.03,-0.005,0.005,0.01,0.01,0.01,0.01,0.01,-0.07,0.12,0.115,0.095,0.09,0.09,0.035,0.04,0.03,0.04,0.03,0.005,-0.005,-0.01,-0.01,-0.01,-0.01,-0.01
122,0.12,-0.11,-0.15,-0.125,-0.105,-0.095,-0.05,-0.045,-0.04,-0.04,-0.04,-0.01,0.0,0.01,0.01,0.005,0.015,0.01,-0.12,0.11,0.15,0.125,0.105,0.095,0.05,0.045,0.04,0.04,0.04,0.01,-0.0,-0.01,-0.01,-0.005,-0.015,-0.01
123,0.07,-0.135,-0.165,-0.145,-0.125,-0.095,-0.045,-0.045,-0.03,-0.03,-0.03,0.0,0.01,0.02,0.025,0.015,0.02,0.015,-0.07,0.135,0.165,0.145,0.125,0.095,0.045,0.045,0.03,0.03,0.03,-0.0,-0.01,-0.02,-0.025,-0.015,-0.02,-0.015
124,0.03,-0.145,-0.17,-0.135,-0.115,-0.085,-0.035,-0.03,-0.02,-0.02,-0.02,0.01,0.02,0.03,0.03,0.02,0.015,0.015,-0.03,0.145,0.17,0.135,0.115,0.085,0.035,0.03,0.02,0.02,0.02,-0.01,-0.02,-0.03,-0.03,-0.02,-0.015,-0.015
125,0.065,-0.14,-0.19,-0.145,-0.11,-0.085,-0.035,-0.035,-0.03,-0.025,-0.025,0.0,0.015,0.02,0.025,0.02,0.02,0.02,-0.065,0.14,0.19,0.145,0.11,0.085,0.035,0.035,0.03,0.025,0.025,-0.0,-0.015,-0.02,-0.025,-0.02,-0.02,-0.02
126,0.11,-0.12,-0.18,-0.145,-0.11,-0.085,-0.04,-0.045,-0.03,-0.03,-0.025,-0.005,0.01,0.015,0.02,0.02,0.02,0.02,-0.11,0.12,0.18,0.145,0.11,0.085,0.04,0.045,0.03,0.03,0.025,0.005,-0.01,-0.015,-0.02,-0.02,-0.02,-0.02
127,0.13,-0.095,-0.165,-0.15,-0.12,-0.09,-0.045,-0.05,-0.03,-0.03,-0.03,-0.005,0.005,0.015,0.015,0.02,0.02,0.015,-0.13,0.095,0.165,0.15,0.12,0.09,0.045,0.05,0.03,0.03,0.03,0.005,-0.005,-0.015,-0.015,-0.02,-0.02,-0.015
128,0.185,-0.075,-0.155,-0.145,-0.125,-0.1,-0.07,-0.065,-0.04,-0.04,-0.035,-0.01,0.005,0.01,0.015,0.015,0.015,0.015,-0.185,0.075,0.155,0.145,0.125,0.1,0.07,0.065,0.04,0.04,0.035,0.01,-0.005,-0.01,-0.015,-0.015,-0.015,-0.015
129,0.175,-0.075,-0.16,-0.155,-0.135,-0.1,-0.07,-0.07,-0.045,-0.045,-0.04,-0.015,0.0,0.01,0.01,0.015,0.02,0.015,-0.175,0.075,0.16,0.155,0.135,0.1,0.07,0.07,0.045,0.045,0.04,0.015,-0.0,-0.01,-0.01,-0.015,-0.02,-0.015
130,0.165,-0.095,-0.175,-0.175,-0.155,-0.105,-0.07,-0.07,-0.045,-0.04,-0.035,-0.01,0.0,0.015,0.015,0.015,0.02,0.015,-0.165,0.095,0.175,0.175,0.155,0.105,0.07,0.07,0.045,0.04,0.035,0.01,-0.0,-0.015,-0.015,-0.015,-0.02,-0.015
131,0.14,-0.1,-0.165,-0.175,-0.15,-0.115,-0.07,-0.06,-0.04,-0.04,-0.025,-0.005,0.01,0.015,0.015,0.015,0.02,0.02,-0.14,0.1,0.165,0.175,0.15,0.115,0.07,0.06,0.04,0.04,0.025,0.005,-0.01,-0.015,-0.015,-0.015,-0.02,-0.02
132,0.085,-0.105,-0.19,-0.195,-0.165,-0.115,-0.055,-0.04,-0.015,-0.02,-0.01,0.01,0.02,0.02,0.02,0.02,0.025,0.015,-0.085,0.105,0.19,0.195,0.165,0.115,0.055,0.04,0.015,0.02,0.01,-0.01,-0.02,-0.02,-0.02,-0.02,-0.025,-0.015
133,0.105,-0.12,-0.19,-0.195,-0.175,-0.13,-0.06,-0.035,-0.02,-0.025,-0.015,0.01,0.02,0.02,0.025,0.02,0.02,0.02,-0.105,0.12,0.19,0.195,0.175,0.13,0.06,0.035,0.02,0.025,0.015,-0.01,-0.02,-0.02,-0.025,-0.02,-0.02,-0.02
134,0.18,-0.11,-0.2,-0.2,-0.17,-0.12,-0.065,-0.055,-0.04,-0.03,-0.025,-0.005,0.01,0.02,0.02,0.015,0.02,0.02,-0.18,0.11,0.2,0.2,0.17,0.12,0.065,0.055,0.04,0.03,0.025,0.005,-0.01,-0.02,-0.02,-0.015,-0.02,-0.02
135,0.195,-0.095,-0.205,-0.22,-0.185,-0.115,-0.065,-0.055,-0.04,-0.035,-0.02,0.0,0.005,0.015,0.02,0.015,0.02,0.02,-0.195,0.095,0.205,0.22,0.185,0.115,0.065,0.055,0.04,0.035,0.02,-0.0,-0.005,-0.015,-0.02,-0.015,-0.02,-0.02
136,0.175,-0.105,-0.205,-0.2,-0.175,-0.12,-0.07,-0.055,-0.04,-0.03,-0.025,0.0,0.005,0.01,0.015,0.015,0.025,0.02,-0.175,0.105,0.205,0.2,0.175,0.12,0.07,0.055,0.04,0.03,0.025,-0.0,-0.005,-0.01,-0.015,-0.015,-0.025,-0.02
137,0.185,-0.095,-0.195,-0.2,-0.17,-0.12,-0.075,-0.06,-0.045,-0.04,-0.03,-0.01,0.0,0.01,0.01,0.015,0.025,0.015,-0.185,0.095,0.195,0.2,0.17,0.12,0.075,0.06,0.045,0.04,0.03,0.01,-0.0,-0.01,-0.01,-0.015,-0.025,-0.015
138,0.19,-0.08,-0.185,-0.195,-0.17,-0.115,-0.07,-0.06,-0.04,-0.04,-0.03,-0.005,-0.005,0.01,0.01,0.015,0.02,0.02,-0.19,0.08,0.185,0.195,0.17,0.115,0.07,0.06,0.04,0.04,0.03,0.005,0.005,-0.01,-0.01,-0.015,-0.02,-0.02
139,0.195,-0.065,-0.17,-0.195,-0.165,-0.12,-0.075,-0.06,-0.045,-0.045,-0.03,-0.005,-0.005,0.01,0.01,0.015,0.015,0.02,-0.195,0.065,0.17,0.195,0.165,0.12,0.075,0.06,0.045,0.045,0.03,0.005,0.005,-0.01,-0.01,-0.015,-0.015,-0.02
140,0.24,-0.055,-0.165,-0.2,-0.175,-0.125,-0.08,-0.065,-0.05,-0.045,-0.035,-0.015,0.0,0.005,0.01,0.015,0.015,0.02,-0.24,0.055,0.165,0.2,0.175,0.125,0.08,0.065,0.05,0.045,0.035,0.015,-0.0,-0.005,-0.01,-0.015,-0.015,-0.02
141,0.23,-0.065,-0.17,-0.21,-0.175,-0.12,-0.075,-0.065,-0.045,-0.045,-0.03,-0.01,0.005,0.01,0.01,0.015,0.02,0.015,-0.23,0.065,0.17,0.21,0.175,0.12,0.075,0.065,0.045,0.045,0.03,0.01,-0.005,-0.01,-0.01,-0.015,-0.02,-0.015
142,0.24,-0.065,-0.18,-0.215,-0.18,-0.125,-0.075,-0.065,-0.045,-0.04,-0.025,-0.005,0.01,0.015,0.015,0.01,0.02,0.015,-0.24,0.065,0.18,0.215,0.18,0.125,0.075,0.065,0.045,0.04,0.025,0.005,-0.01,-0.015,-0.015,-0.01,-0.02,-0.015
143,0.255,-0.065,-0.18,-0.22,-0.19,-0.135,-0.085,-0.065,-0.045,-0.04,-0.025,-0.005,0.0,0.015,0.01,0.015,0.015,0.02,-0.255,0.065,0.18,0.22,0.19,0.135,0.085,0.065,0.045,0.04,0.025,0.005,-0.0,-0.015,-0.01,-0.015,-0.015,-0.02
144,0.235,-0.09,-0.205,-0.225,-0.2,-0.14,-0.075,-0.06,-0.045,-0.035,-0.02,0.0,0.01,0.015,0.02,0.015,0.02,0.015,-0.235,0.09,0.205,0.225,0.2,0.14,0.075,0.06,0.045,0.035,0.02,-0.0,-0.01,-0.015,-0.02,-0.015,-0.02,-0.015
145,0.205,-0.1,-0.195,-0.225,-0.195,-0.135,-0.075,-0.055,-0.04,-0.03,-0.015,0.005,0.01,0.02,0.02,0.02,0.02,0.02,-0.205,0.1,0.195,0.225,0.195,0.135,0.075,0.055,0.04,0.03,0.015,-0.005,-0.01,-0.02,-0.02,-0.02,-0.02,-0.02
146,0.225,-0.08,-0.19,-0.225,-0.195,-0.135,-0.08,-0.06,-0.045,-0.025,-0.02,0.005,0.01,0.02,0.025,0.02,0.02,0.02,-0.225,0.08,0.19,0.225,0.195,0.135,0.08,0.06,0.045,0.025,0.02,-0.005,-0.01,-0.02,-0.025,-0.02,-0.02,-0.02
147,0.205,-0.1,-0.2,-0.235,-0.205,-0.14,-0.08,-0.06,-0.04,-0.03,-0.015,0.005,0.01,0.02,0.025,0.02,0.02,0.02,-0.205,0.1,0.2,0.235,0.205,0.14,0.08,0.06,0.04,0.03,0.015,-0.005,-0.01,-0.02,-0.025,-0.02,-0.02,-0.02
148,0.19,-0.1,-0.215,-0.25,-0.22,-0.15,-0.075,-0.05,-0.035,-0.025,-0.015,0.005,0.015,0.015,0.025,0.02,0.02,0.025,-0.19,0.1,0.215,0.25,0.22,0.15,0.075,0.05,0.035,0.025,0.015,-0.005,-0.015,-0.015,-0.025,-0.02,-0.02,-0.025
149,0.195,-0.115,-0.225,-0.255,-0.22,-0.15,-0.08,-0.055,-0.035,-0.025,-0.01,0.005,0.015,0.015,0.025,0.02,0.02,0.02,-0.195,0.115,0.225,0.255,0.22,0.15,0.08,0.055,0.035,0.025,0.01,-0.005,-0.015,-0.015,-0.025,-0.02,-0.02,-0.02
150,0.16,-0.12,-0.23,-0.265,-0.23,-0.16,-0.08,-0.045,-0.025,-0.01,0.0,0.02,0.025,0.03,0.03,0.035,0.035,0.03,-0.16,0.12,0.23,0.265,0.23,0.16,0.08,0.045,0.025,0.01,-0.0,-0.02,-0.025,-0.03,-0.03,-0.035,-0.035,-0.03
151,0.185,-0.115,-0.225,-0.26,-0.23,-0.15,-0.07,-0.04,-0.02,-0.01,0.0,0.015,0.02,0.03,0.03,0.03,0.03,0.035,-0.185,0.115,0.225,0.26,0.23,0.15,0.07,0.04,0.02,0.01,-0.0,-0.015,-0.02,-0.03,-0.03,-0.03,-0.03,-0.035
152,0.185,-0.11,-0.22,-0.26,-0.22,-0.145,-0.075,-0.05,-0.025,-0.02,0.0,0.01,0.02,0.03,0.025,0.03,0.03,0.03,-0.185,0.11,0.22,0.26,0.22,0.145,0.075,0.05,0.025,0.02,-0.0,-0.01,-0.02,-0.03,-0.025,-0.03,-0.03,-0.03
153,0.185,-0.11,-0.225,-0.255,-0.22,-0.145,-0.075,-0.045,-0.03,-0.015,-0.005,0.01,0.02,0.025,0.025,0.03,0.03,0.03,-0.185,0.11,0.225,0.255,0.22,0.145,0.075,0.045,0.03,0.015,0.005,-0.01,-0.02,-0.025,-0.025,-0.03,-0.03,-0.03
154,0.18,-0.125,-0.24,-0.27,-0.235,-0.145,-0.075,-0.045,-0.025,-0.01,0.0,0.015,0.025,0.03,0.025,0.03,0.035,0.025,-0.18,0.125,0.24,0.27,0.235,0.145,0.075,0.045,0.025,0.01,-0.0,-0.015,-0.025,-0.03,-0.025,-0.03,-0.035,-0.025
155,0.19,-0.14,-0.265,-0.285,-0.25,-0.16,-0.075,-0.04,-0.03,-0.01,0.0,0.02,0.025,0.03,0.03,0.03,0.03,0.03,-0.19,0.14,0.265,0.285,0.25,0.16,0.075,0.04,0.03,0.01,-0.0,-0.02,-0.025,-0.03,-0.03,-0.03,-0.03,-0.03
156,0.21,-0.13,-0.265,-0.28,-0.245,-0.16,-0.08,-0.04,-0.025,-0.015,0.0,0.015,0.025,0.03,0.03,0.03,0.03,0.025,-0.21,0.13,0.265,0.28,0.245,0.16,0.08,0.04,0.025,0.015,-0.0,-0.015,-0.025,-0.03,-0.03,-0.03,-0.03,-0.025
157,0.205,-0.135,-0.25,-0.27,-0.24,-0.16,-0.085,-0.045,-0.025,-0.01,0.0,0.015,0.025,0.03,0.035,0.025,0.03,0.03,-0.205,0.135,0.25,0.27,0.24,0.16,0.085,0.045,0.025,0.01,-0.0,-0.015,-0.025,-0.03,-0.035,-0.025,-0.03,-0.03
158,0.21,-0.12,-0.235,-0.265,-0.235,-0.165,-0.095,-0.055,-0.035,-0.01,0.0,0.02,0.025,0.03,0.035,0.03,0.035,0.03,-0.21,0.12,0.235,0.265,0.235,0.165,0.095,0.055,0.035,0.01,-0.0,-0.02,-0.025,-0.03,-0.035,-0.03,-0.035,-0.03
159,0.22,-0.095,-0.215,-0.255,-0.225,-0.165,-0.1,-0.06,-0.04,-0.02,-0.01,0.01,0.02,0.02,0.025,0.02,0.025,0.03,-0.22,0.095,0.215,0.255,0.225,0.165,0.1,0.06,0.04,0.02,0.01,-0.01,-0.02,-0.02,-0.025,-0.02,-0.025,-0.03
160,0.245,-0.075,-0.195,-0.23,-0.21,-0.15,-0.085,-0.055,-0.04,-0.03,-0.015,0.005,0.01,0.015,0.02,0.02,0.02,0.025,-0.245,0.075,0.195,0.23,0.21,0.15,0.085,0.055,0.04,0.03,0.015,-0.005,-0.01,-0.015,-0.02,-0.02,-0.02,-0.025
161,0.24,-0.08,-0.19,-0.225,-0.2,-0.135,-0.08,-0.065,-0.045,-0.03,-0.025,0.0,0.005,0.015,0.015,0.02,0.02,0.025,-0.24,0.08,0.19,0.225,0.2,0.135,0.08,0.065,0.045,0.03,0.025,-0.0,-0.005,-0.015,-0.015,-0.02,-0.02,-0.025
162,0.24,-0.075,-0.19,-0.225,-0.205,-0.14,-0.085,-0.065,-0.05,-0.03,-0.025,-0.005,0.005,0.015,0.015,0.02,0.02,0.02,-0.24,0.075,0.19,0.225,0.205,0.14,0.085,0.065,0.05,0.03,0.025,0.005,-0.005,-0.015,-0.015,-0.02,-0.02,-0.02
163,0.25,-0.07,-0.175,-0.22,-0.195,-0.14,-0.085,-0.07,-0.055,-0.035,-0.03,0.0,0.005,0.01,0.015,0.02,0.015,0.02,-0.25,0.07,0.175,0.22,0.195,0.14,0.085,0.07,0.055,0.035,0.03,-0.0,-0.005,-0.01,-0.015,-0.02,-0.015,-0.02
164,0.27,-0.06,-0.18,-0.23,-0.215,-0.155,-0.095,-0.07,-0.045,-0.03,-0.02,0.0,0.005,0.015,0.015,0.02,0.015,0.02,-0.27,0.06,0.18,0.23,0.215,0.155,0.095,0.07,0.045,0.03,0.02,-0.0,-0.005,-0.015,-0.015,-0.02,-0.015,-0.02
165,0.28,-0.04,-0.16,-0.205,-0.195,-0.145,-0.095,-0.08,-0.06,-0.045,-0.035,-0.01,-0.005,0.01,0.01,0.01,0.015,0.02,-0.28,0.04,0.16,0.205,0.195,0.145,0.095,0.08,0.06,0.045,0.035,0.01,0.005,-0.01,-0.01,-0.01,-0.015,-0.02
166,0.295,-0.025,-0.145,-0.195,-0.19,-0.15,-0.1,-0.08,-0.065,-0.05,-0.04,-0.015,-0.005,0.0,0.01,0.01,0.015,0.015,-0.295,0.025,0.145,0.195,0.19,0.15,0.1,0.08,0.065,0.05,0.04,0.015,0.005,-0.0,-0.01,-0.01,-0.015,-0.015
167,0.265,-0.03,-0.15,-0.21,-0.2,-0.15,-0.105,-0.09,-0.07,-0.05,-0.04,-0.02,-0.01,0.0,0.01,0.015,0.02,0.015,-0.265,0.03,0.15,0.21,0.2,0.15,0.105,0.09,0.07,0.05,0.04,0.02,0.01,-0.0,-0.01,-0.015,-0.02,-0.015
168,0.24,-0.055,-0.185,-0.235,-0.22,-0.16,-0.095,-0.07,-0.055,-0.045,-0.03,-0.015,-0.005,0.005,0.015,0.015,0.02,0.02,-0.24,0.055,0.185,0.235,0.22,0.16,0.095,0.07,0.055,0.045,0.03,0.015,0.005,-0.005,-0.015,-0.015,-0.02,-0.02
169,0.22,-0.085,-0.205,-0.245,-0.225,-0.16,-0.085,-0.065,-0.05,-0.04,-0.03,-0.01,0.0,0.005,0.015,0.02,0.015,0.02,-0.22,0.085,0.205,0.245,0.225,0.16,0.085,0.065,0.05,0.04,0.03,0.01,-0.0,-0.005,-0.015,-0.02,-0.015,-0.02
170,0.22,-0.09,-0.21,-0.245,-0.225,-0.15,-0.09,-0.075,-0.06,-0.04,-0.035,-0.02,0.0,0.005,0.015,0.02,0.02,0.02,-0.22,0.09,0.21,0.245,0.225,0.15,0.09,0.075,0.06,0.04,0.035,0.02,-0.0,-0.005,-0.015,-0.02,-0.02,-0.02
171,0.24,-0.07,-0.19,-0.235,-0.22,-0.155,-0.095,-0.075,-0.065,-0.055,-0.045,-0.02,-0.01,0.005,0.01,0.02,0.015,0.02,-0.24,0.07,0.19,0.235,0.22,0.155,0.095,0.075,0.065,0.055,0.045,0.02,0.01,-0.005,-0.01,-0.02,-0.015,-0.02
172,0.255,-0.055,-0.175,-0.22,-0.21,-0.15,-0.1,-0.08,-0.065,-0.06,-0.05,-0.025,-0.015,0.0,0.005,0.015,0.02,0.015,-0.255,0.055,0.175,0.22,0.21,0.15,0.1,0.08,0.065,0.06,0.05,0.025,0.015,-0.0,-0.005,-0.015,-0.02,-0.015
173,0.255,-0.065,-0.18,-0.23,-0.215,-0.155,-0.1,-0.08,-0.07,-0.055,-0.05,-0.02,-0.01,0.005,0.01,0.02,0.02,0.02,-0.255,0.065,0.18,0.23,0.215,0.155,0.1,0.08,0.07,0.055,0.05,0.02,0.01,-0.005,-0.01,-0.02,-0.02,-0.02
174,0.275,-0.04,-0.16,-0.215,-0.205,-0.15,-0.095,-0.085,-0.07,-0.06,-0.05,-0.03,-0.015,0.0,0.005,0.015,0.02,0.02,-0.275,0.04,0.16,0.215,0.205,0.15,0.095,0.085,0.07,0.06,0.05,0.03,0.015,-0.0,-0.005,-0.015,-0.02,-0.02
175,0.27,-0.05,-0.165,-0.22,-0.21,-0.155,-0.095,-0.085,-0.065,-0.06,-0.05,-0.025,-0.015,-0.005,0.01,0.015,0.025,0.015,-0.27,0.05,0.165,0.22,0.21,0.155,0.095,0.085,0.065,0.06,0.05,0.025,0.015,0.005,-0.01,-0.015,-0.025,-0.015
176,0.26,-0.06,-0.16,-0.215,-0.2,-0.155,-0.105,-0.08,-0.07,-0.06,-0.05,-0.035,-0.015,-0.005,0.005,0.015,0.02,0.015,-0.26,0.06,0.16,0.215,0.2,0.155,0.105,0.08,0.07,0.06,0.05,0.035,0.015,0.005,-0.005,-0.015,-0.02,-0.015
177,0.255,-0.055,-0.155,-0.21,-0.205,-0.16,-0.105,-0.085,-0.07,-0.06,-0.05,-0.03,-0.015,-0.005,0.01,0.01,0.02,0.02,-0.255,0.055,0.155,0.21,0.205,0.16,0.105,0.085,0.07,0.06,0.05,0.03,0.015,0.005,-0.01,-0.01,-0.02,-0.02
178,0.265,-0.04,-0.13,-0.185,-0.195,-0.16,-0.105,-0.09,-0.075,-0.065,-0.055,-0.04,-0.02,-0.01,0.005,0.01,0.015,0.02,-0.265,0.04,0.13,0.185,0.195,0.16,0.105,0.09,0.075,0.065,0.055,0.04,0.02,0.01,-0.005,-0.01,-0.015,-0.02
179,0.27,-0.03,-0.12,-0.175,-0.185,-0.155,-0.105,-0.09,-0.075,-0.07,-0.06,-0.04,-0.025,-0.015,0.005,0.005,0.015,0.015,-0.27,0.03,0.12,0.175,0.185,0.155,0.105,0.09,0.075,0.07,0.06,0.04,0.025,0.015,-0.005,-0.005,-0.015,-0.015
180,0.33,-0.02,-0.105,-0.16,-0.17,-0.145,-0.11,-0.105,-0.09,-0.08,-0.075,-0.05,-0.035,-0.015,-0.005,0.0,0.01,0.005,-0.33,0.02,0.105,0.16,0.17,0.145,0.11,0.105,0.09,0.08,0.075,0.05,0.035,0.015,0.005,-0.0,-0.01,-0.005
181,0.335,-0.015,-0.115,-0.175,-0.17,-0.15,-0.11,-0.105,-0.095,-0.08,-0.075,-0.055,-0.04,-0.015,-0.01,0.0,0.0,0.005,-0.335,0.015,0.115,0.175,0.17,0.15,0.11,0.105,0.095,0.08,0.075,0.055,0.04,0.015,0.01,-0.0,-0.0,-0.005
182,0.404,0.015,-0.105,-0.18,-0.18,-0.15,-0.115,-0.11,-0.09,-0.08,-0.075,-0.06,-0.03,-0.02,-0.01,0.0,0.005,0.01,-0.404,-0.015,0.105,0.18,0.18,0.15,0.115,0.11,0.09,0.08,0.075,0.06,0.03,0.02,0.01,-0.0,-0.005,-0.01
183,0.005,-0.12,-0.195,-0.195,-0.17,-0.125,-0.115,-0.095,-0.085,-0.07,-0.06,-0.04,-0.025,-0.01,-0.01,0.005,0.0,0.01,-0.005,0.12,0.195,0.195,0.17,0.125,0.115,0.095,0.085,0.07,0.06,0.04,0.025,0.01,0.01,-0.005,-0.0,-0.01
184,0.025,-0.12,-0.21,-0.21,-0.175,-0.12,-0.11,-0.095,-0.085,-0.065,-0.055,-0.035,-0.025,-0.015,-0.005,0.0,0.005,0.01,-0.025,0.12,0.21,0.21,0.175,0.12,0.11,0.095,0.085,0.065,0.055,0.035,0.025,0.015,0.005,-0.0,-0.005,-0.01
185,0.05,-0.095,-0.185,-0.2,-0.175,-0.13,-0.12,-0.1,-0.085,-0.07,-0.06,-0.035,-0.025,-0.015,-0.005,0.0,0.0,0.005,-0.05,0.095,0.185,0.2,0.175,0.13,0.12,0.1,0.085,0.07,0.06,0.035,0.025,0.015,0.005,-0.0,-0.0,-0.005
186,0.025,-0.105,-0.195,-0.215,-0.19,-0.14,-0.12,-0.1,-0.09,-0.07,-0.06,-0.035,-0.025,-0.01,-0.005,0.0,0.005,0.005,-0.025,0.105,0.195,0.215,0.19,0.14,0.12,0.1,0.09,0.07,0.06,0.035,0.025,0.01,0.005,-0.0,-0.005,-0.005
187,0.035,-0.105,-0.2,-0.22,-0.2,-0.15,-0.125,-0.105,-0.085,-0.075,-0.055,-0.04,-0.02,-0.01,0.0,0.005,0.01,0.005,-0.035,0.105,0.2,0.22,0.2,0.15,0.125,0.105,0.085,0.075,0.055,0.04,0.02,0.01,-0.0,-0.005,-0.01,-0.005
188,0.065,-0.07,-0.17,-0.205,-0.2,-0.155,-0.135,-0.11,-0.095,-0.085,-0.065,-0.045,-0.03,-0.02,0.0,0.005,0.005,0.0,-0.065,0.07,0.17,0.205,0.2,0.155,0.135,0.11,0.095,0.085,0.065,0.045,0.03,0.02,-0.0,-0.005,-0.005,-0.0
189,0.055,-0.07,-0.165,-0.2,-0.205,-0.155,-0.13,-0.11,-0.095,-0.08,-0.07,-0.05,-0.03,-0.02,-0.005,0.01,0.005,0.01,-0.055,0.07,0.165,0.2,0.205,0.155,0.13,0.11,0.095,0.08,0.07,0.05,0.03,0.02,0.005,-0.01,-0.005,-0.01
190,0.075,-0.045,-0.145,-0.185,-0.195,-0.16,-0.135,-0.11,-0.095,-0.08,-0.07,-0.05,-0.03,-0.02,-0.01,0.01,0.005,0.005,-0.075,0.045,0.145,0.185,0.195,0.16,0.135,0.11,0.095,0.08,0.07,0.05,0.03,0.02,0.01,-0.01,-0.005,-0.005
191,0.08,-0.03,-0.135,-0.185,-0.2,-0.16,-0.135,-0.11,-0.095,-0.09,-0.075,-0.055,-0.04,-0.025,-0.01,0.005,0.005,0.0,-0.08,0.03,0.135,0.185,0.2,0.16,0.135,0.11,0.095,0.09,0.075,0.055,0.04,0.025,0.01,-0.005,-0.005,-0.0
192,0.115,-0.01,-0.13,-0.18,-0.2,-0.16,-0.135,-0.11,-0.1,-0.09,-0.08,-0.06,-0.04,-0.03,-0.015,0.0,0.005,0.0,-0.115,0.01,0.13,0.18,0.2,0.16,0.135,0.11,0.1,0.09,0.08,0.06,0.04,0.03,0.015,-0.0,-0.005,-0.0
193,0.095,-0.025,-0.14,-0.175,-0.19,-0.15,-0.125,-0.1,-0.09,-0.085,-0.075,-0.055,-0.04,-0.025,-0.01,0.005,0.0,0.005,-0.095,0.025,0.14,0.175,0.19,0.15,0.125,0.1,0.09,0.085,0.075,0.055,0.04,0.025,0.01,-0.005,-0.0,-0.005
194,0.09,-0.03,-0.14,-0.175,-0.19,-0.155,-0.125,-0.1,-0.085,-0.075,-0.065,-0.05,-0.035,-0.02,-0.005,0.005,0.005,0.005,-0.09,0.03,0.14,0.175,0.19,0.155,0.125,0.1,0.085,0.075,0.065,0.05,0.035,0.02,0.005,-0.005,-0.005,-0.005
195,0.13,0.0,-0.115,-0.155,-0.17,-0.14,-0.12,-0.095,-0.08,-0.07,-0.065,-0.045,-0.035,-0.02,-0.005,0.0,0.005,0.0,-0.13,-0.0,0.115,0.155,0.17,0.14,0.12,0.095,0.08,0.07,0.065,0.045,0.035,0.02,0.005,-0.0,-0.005,-0.0
196,0.105,-0.025,-0.13,-0.165,-0.17,-0.135,-0.11,-0.085,-0.07,-0.065,-0.055,-0.035,-0.025,-0.01,0.005,0.01,0.01,0.005,-0.105,0.025,0.13,0.165,0.17,0.135,0.11,0.085,0.07,0.065,0.055,0.035,0.025,0.01,-0.005,-0.01,-0.01,-0.005
197,0.115,-0.02,-0.13,-0.17,-0.18,-0.135,-0.11,-0.085,-0.07,-0.055,-0.05,-0.035,-0.025,-0.015,-0.005,0.01,0.01,0.01,-0.115,0.02,0.13,0.17,0.18,0.135,0.11,0.085,0.07,0.055,0.05,0.035,0.025,0.015,0.005,-0.01,-0.01,-0.01
198,0.125,-0.015,-0.12,-0.165,-0.18,-0.145,-0.12,-0.095,-0.07,-0.06,-0.055,-0.035,-0.025,-0.015,-0.005,0.01,0.015,0.01,-0.125,0.015,0.12,0.165,0.18,0.145,0.12,0.095,0.07,0.06,0.055,0.035,0.025,0.015,0.005,-0.01,-0.015,-0.01
199,0.09,-0.025,-0.14,-0.19,-0.195,-0.145,-0.12,-0.09,-0.07,-0.06,-0.055,-0.035,-0.03,-0.015,0.0,0.015,0.015,0.015,-0.09,0.025,0.14,0.19,0.195,0.145,0.12,0.09,0.07,0.06,0.055,0.035,0.03,0.015,-0.0,-0.015,-0.015,-0.015
200,0.08,-0.04,-0.16,-0.215,-0.21,-0.155,-0.115,-0.085,-0.065,-0.055,-0.05,-0.025,-0.025,-0.01,0.0,0.015,0.015,0.015,-0.08,0.04,0.16,0.215,0.21,0.155,0.115,0.085,0.065,0.055,0.05,0.025,0.025,0.01,-0.0,-0.015,-0.015,-0.015
201,0.075,-0.04,-0.155,-0.21,-0.21,-0.15,-0.12,-0.09,-0.07,-0.06,-0.055,-0.035,-0.025,-0.015,0.0,0.01,0.015,0.015,-0.075,0.04,0.155,0.21,0.21,0.15,0.12,0.09,0.07,0.06,0.055,0.035,0.025,0.015,-0.0,-0.01,-0.015,-0.015
202,0.07,-0.045,-0.155,-0.21,-0.21,-0.15,-0.125,-0.095,-0.08,-0.065,-0.055,-0.04,-0.025,-0.015,0.0,0.01,0.015,0.02,-0.07,0.045,0.155,0.21,0.21,0.15,0.125,0.095,0.08,0.065,0.055,0.04,0.025,0.015,-0.0,-0.01,-0.015,-0.02
203,0.045,-0.08,-0.185,-0.225,-0.215,-0.155,-0.125,-0.1,-0.075,-0.06,-0.05,-0.03,-0.02,-0.01,0.0,0.015,0.02,0.02,-0.045,0.08,0.185,0.225,0.215,0.155,0.125,0.1,0.075,0.06,0.05,0.03,0.02,0.01,-0.0,-0.015,-0.02,-0.02
204,0.055,-0.07,-0.18,-0.225,-0.21,-0.155,-0.12,-0.09,-0.07,-0.055,-0.045,-0.025,-0.015,-0.01,0.005,0.015,0.02,0.02,-0.055,0.07,0.18,0.225,0.21,0.155,0.12,0.09,0.07,0.055,0.045,0.025,0.015,0.01,-0.005,-0.015,-0.02,-0.02
205,0.065,-0.045,-0.155,-0.2,-0.195,-0.15,-0.12,-0.095,-0.075,-0.06,-0.055,-0.035,-0.02,-0.01,0.0,0.015,0.02,0.015,-0.065,0.045,0.155,0.2,0.195,0.15,0.12,0.095,0.075,0.06,0.055,0.035,0.02,0.01,-0.0,-0.015,-0.02,-0.015
206,0.055,-0.06,-0.165,-0.205,-0.195,-0.145,-0.12,-0.09,-0.075,-0.065,-0.05,-0.035,-0.02,-0.01,0.005,0.015,0.015,0.02,-0.055,0.06,0.165,0.205,0.195,0.145,0.12,0.09,0.075,0.065,0.05,0.035,0.02,0.01,-0.005,-0.015,-0.015,-0.02
207,0.05,-0.085,-0.19,-0.22,-0.205,-0.145,-0.115,-0.085,-0.065,-0.055,-0.04,-0.025,-0.015,-0.005,0.0,0.015,0.02,0.02,-0.05,0.085,0.19,0.22,0.205,0.145,0.115,0.085,0.065,0.055,0.04,0.025,0.015,0.005,-0.0,-0.015,-0.02,-0.02
208,0.055,-0.07,-0.17,-0.21,-0.2,-0.145,-0.11,-0.085,-0.07,-0.06,-0.05,-0.025,-0.02,-0.005,0.0,0.02,0.015,0.02,-0.055,0.07,0.17,0.21,0.2,0.145,0.11,0.085,0.07,0.06,0.05,0.025,0.02,0.005,-0.0,-0.02,-0.015,-0.02
209,0.07,-0.055,-0.155,-0.195,-0.19,-0.145,-0.11,-0.09,-0.08,-0.065,-0.055,-0.04,-0.025,-0.01,-0.005,0.01,0.015,0.02,-0.07,0.055,0.155,0.195,0.19,0.145,0.11,0.09,0.08,0.065,0.055,0.04,0.025,0.01,0.005,-0.01,-0.015,-0.02
210,0.06,-0.065,-0.155,-0.195,-0.19,-0.14,-0.11,-0.085,-0.07,-0.06,-0.05,-0.03,-0.02,-0.005,0.0,0.015,0.015,0.02,-0.06,0.065,0.155,0.195,0.19,0.14,0.11,0.085,0.07,0.06,0.05,0.03,0.02,0.005,-0.0,-0.015,-0.015,-0.02
211,0.06,-0.075,-0.16,-0.2,-0.19,-0.14,-0.095,-0.075,-0.065,-0.055,-0.045,-0.03,-0.015,-0.005,0.005,0.015,0.025,0.02,-0.06,0.075,0.16,0.2,0.19,0.14,0.095,0.075,0.065,0.055,0.045,0.03,0.015,0.005,-0.005,-0.015,-0.025,-0.02
212,0.06,-0.08,-0.18,-0.21,-0.2,-0.145,-0.105,-0.07,-0.055,-0.05,-0.04,-0.025,-0.01,0.0,0.01,0.02,0.02,0.025,-0.06,0.08,0.18,0.21,0.2,0.145,0.105,0.07,0.055,0.05,0.04,0.025,0.01,-0.0,-0.01,-0.02,-0.02,-0.025
213,0.065,-0.08,-0.17,-0.205,-0.195,-0.14,-0.1,-0.07,-0.05,-0.04,-0.03,-0.02,-0.005,0.005,0.015,0.02,0.02,0.025,-0.065,0.08,0.17,0.205,0.195,0.14,0.1,0.07,0.05,0.04,0.03,0.02,0.005,-0.005,-0.015,-0.02,-0.02,-0.025
214,0.045,-0.09,-0.175,-0.21,-0.195,-0.135,-0.095,-0.06,-0.045,-0.04,-0.03,-0.01,-0.005,0.0,0.01,0.02,0.015,0.03,-0.045,0.09,0.175,0.21,0.195,0.135,0.095,0.06,0.045,0.04,0.03,0.01,0.005,-0.0,-0.01,-0.02,-0.015,-0.03
215,0.04,-0.09,-0.175,-0.21,-0.19,-0.135,-0.09,-0.05,-0.035,-0.03,-0.02,-0.005,0.0,0.005,0.015,0.02,0.025,0.03,-0.04,0.09,0.175,0.21,0.19,0.135,0.09,0.05,0.035,0.03,0.02,0.005,-0.0,-0.005,-0.015,-0.02,-0.025,-0.03
216,0.05,-0.085,-0.175,-0.21,-0.19,-0.13,-0.095,-0.055,-0.045,-0.035,-0.025,-0.01,-0.005,0.005,0.005,0.02,0.02,0.025,-0.05,0.085,0.175,0.21,0.19,0.13,0.095,0.055,0.045,0.035,0.025,0.01,0.005,-0.005,-0.005,-0.02,-0.02,-0.025
217,0.055,-0.08,-0.175,-0.215,-0.19,-0.135,-0.095,-0.05,-0.04,-0.025,-0.02,-0.01,0.0,0.01,0.015,0.02,0.025,0.025,-0.055,0.08,0.175,0.215,0.19,0.135,0.095,0.05,0.04,0.025,0.02,0.01,-0.0,-0.01,-0.015,-0.02,-0.025,-0.025
218,0.04,-0.1,-0.19,-0.225,-0.205,-0.14,-0.095,-0.06,-0.045,-0.035,-0.025,-0.01,-0.005,0.005,0.015,0.015,0.025,0.025,-0.04,0.1,0.19,0.225,0.205,0.14,0.095,0.06,0.045,0.035,0.025,0.01,0.005,-0.005,-0.015,-0.015,-0.025,-0.025
219,0.045,-0.095,-0.19,-0.22,-0.195,-0.135,-0.095,-0.065,-0.045,-0.035,-0.03,-0.015,-0.005,0.005,0.01,0.02,0.025,0.025,-0.045,0.095,0.19,0.22,0.195,0.135,0.095,0.065,0.045,0.035,0.03,0.015,0.005,-0.005,-0.01,-0.02,-0.025,-0.025
220,0.04,-0.09,-0.18,-0.21,-0.19,-0.135,-0.095,-0.06,-0.05,-0.04,-0.03,-0.01,-0.01,0.005,0.01,0.025,0.02,0.025,-0.04,0.09,0.18,0.21,0.19,0.135,0.095,0.06,0.05,0.04,0.03,0.01,0.01,-0.005,-0.01,-0.025,-0.02,-0.025
221,0.055,-0.065,-0.155,-0.195,-0.19,-0.135,-0.095,-0.065,-0.05,-0.035,-0.03,-0.01,-0.005,0.005,0.015,0.02,0.02,0.025,-0.055,0.065,0.155,0.195,0.19,0.135,0.095,0.065,0.05,0.035,0.03,0.01,0.005,-0.005,-0.015,-0.02,-0.02,-0.025
222,0.06,-0.06,-0.145,-0.195,-0.185,-0.135,-0.095,-0.07,-0.05,-0.045,-0.03,-0.015,-0.01,0.005,0.01,0.02,0.02,0.025,-0.06,0.06,0.145,0.195,0.185,0.135,0.095,0.07,0.05,0.045,0.03,0.015,0.01,-0.005,-0.01,-0.02,-0.02,-0.025
223,0.055,-0.045,-0.135,-0.185,-0.18,-0.135,-0.095,-0.07,-0.055,-0.045,-0.035,-0.015,-0.01,0.005,0.01,0.02,0.02,0.025,-0.055,0.045,0.135,0.185,0.18,0.135,0.095,0.07,0.055,0.045,0.035,0.015,0.01,-0.005,-0.01,-0.02,-0.02,-0.025
224,0.05,-0.06,-0.15,-0.2,-0.19,-0.13,-0.095,-0.065,-0.05,-0.04,-0.035,-0.015,-0.005,0.01,0.01,0.02,0.025,0.025,-0.05,0.06,0.15,0.2,0.19,0.13,0.095,0.065,0.05,0.04,0.035,0.015,0.005,-0.01,-0.01,-0.02,-0.025,-0.025
225,0.055,-0.055,-0.15,-0.195,-0.185,-0.13,-0.09,-0.06,-0.05,-0.035,-0.025,-0.015,0.0,0.01,0.01,0.025,0.02,0.025,-0.055,0.055,0.15,0.195,0.185,0.13,0.09,0.06,0.05,0.035,0.025,0.015,-0.0,-0.01,-0.01,-0.025,-0.02,-0.025
226,0.045,-0.07,-0.16,-0.21,-0.19,-0.125,-0.09,-0.065,-0.045,-0.04,-0.025,-0.015,-0.005,0.005,0.015,0.02,0.02,0.02,-0.045,0.07,0.16,0.21,0.19,0.125,0.09,0.065,0.045,0.04,0.025,0.015,0.005,-0.005,-0.015,-0.02,-0.02,-0.02
227,0.05,-0.06,-0.145,-0.195,-0.18,-0.13,-0.09,-0.06,-0.05,-0.04,-0.025,-0.015,-0.005,0.005,0.01,0.02,0.02,0.025,-0.05,0.06,0.145,0.195,0.18,0.13,0.09,0.06,0.05,0.04,0.025,0.015,0.005,-0.005,-0.01,-0.02,-0.02,-0.025
228,0.055,-0.065,-0.15,-0.2,-0.185,-0.135,-0.1,-0.07,-0.05,-0.045,-0.03,-0.015,-0.005,0.01,0.01,0.02,0.02,0.02,-0.055,0.065,0.15,0.2,0.185,0.135,0.1,0.07,0.05,0.045,0.03,0.015,0.005,-0.01,-0.01,-0.02,-0.02,-0.02
229,0.04,-0.085,-0.18,-0.22,-0.205,-0.145,-0.095,-0.065,-0.045,-0.035,-0.02,-0.005,0.0,0.005,0.01,0.015,0.02,0.02,-0.04,0.085,0.18,0.22,0.205,0.145,0.095,0.065,0.045,0.035,0.02,0.005,-0.0,-0.005,-0.01,-0.015,-0.02,-0.02
230,0.035,-0.08,-0.17,-0.21,-0.2,-0.145,-0.095,-0.065,-0.045,-0.035,-0.025,-0.01,0.0,0.01,0.005,0.015,0.015,0.02,-0.035,0.08,0.17,0.21,0.2,0.145,0.095,0.065,0.045,0.035,0.025,0.01,-0.0,-0.01,-0.005,-0.015,-0.015,-0.02
231,0.065,-0.06,-0.155,-0.2,-0.195,-0.14,-0.095,-0.07,-0.055,-0.04,-0.035,-0.015,-0.005,0.0,0.01,0.01,0.015,0.015,-0.065,0.06,0.155,0.2,0.195,0.14,0.095,0.07,0.055,0.04,0.035,0.015,0.005,-0.0,-0.01,-0.01,-0.015,-0.015
232,0.065,-0.06,-0.155,-0.205,-0.2,-0.145,-0.1,-0.075,-0.055,-0.045,-0.03,-0.015,-0.01,0.005,0.005,0.01,0.015,0.015,-0.065,0.06,0.155,0.205,0.2,0.145,0.1,0.075,0.055,0.045,0.03,0.015,0.01,-0.005,-0.005,-0.01,-0.015,-0.015
233,0.06,-0.065,-0.16,-0.215,-0.205,-0.15,-0.11,-0.075,-0.06,-0.05,-0.035,-0.02,-0.005,0.0,0.01,0.01,0.015,0.02,-0.06,0.065,0.16,0.215,0.205,0.15,0.11,0.075,0.06,0.05,0.035,0.02,0.005,-0.0,-0.01,-0.01,-0.015,-0.02
234,0.06,-0.075,-0.165,-0.215,-0.2,-0.15,-0.11,-0.075,-0.06,-0.045,-0.035,-0.015,-0.005,0.005,0.005,0.015,0.015,0.015,-0.06,0.075,0.165,0.215,0.2,0.15,0.11,0.075,0.06,0.045,0.035,0.015,0.005,-0.005,-0.005,-0.015,-0.015,-0.015
235,0.05,-0.09,-0.185,-0.225,-0.2,-0.14,-0.1,-0.075,-0.06,-0.045,-0.03,-0.015,-0.005,0.005,0.005,0.015,0.01,0.02,-0.05,0.09,0.185,0.225,0.2,0.14,0.1,0.075,0.06,0.045,0.03,0.015,0.005,-0.005,-0.005,-0.015,-0.01,-0.02
236,0.055,-0.085,-0.18,-0.22,-0.2,-0.135,-0.095,-0.065,-0.055,-0.04,-0.025,-0.005,0.005,0.01,0.01,0.02,0.02,0.015,-0.055,0.085,0.18,0.22,0.2,0.135,0.095,0.065,0.055,0.04,0.025,0.005,-0.005,-0.01,-0.01,-0.02,-0.02,-0.015
237,0.06,-0.075,-0.17,-0.215,-0.2,-0.14,-0.095,-0.065,-0.05,-0.035,-0.02,0.0,0.005,0.01,0.02,0.015,0.015,0.02,-0.06,0.075,0.17,0.215,0.2,0.14,0.095,0.065,0.05,0.035,0.02,-0.0,-0.005,-0.01,-0.02,-0.015,-0.015,-0.02
238,0.05,-0.075,-0.165,-0.205,-0.195,-0.145,-0.1,-0.06,-0.05,-0.03,-0.015,0.0,0.005,0.015,0.02,0.02,0.02,0.015,-0.05,0.075,0.165,0.205,0.195,0.145,0.1,0.06,0.05,0.03,0.015,-0.0,-0.005,-0.015,-0.02,-0.02,-0.02,-0.015
239,0.055,-0.06,-0.15,-0.195,-0.195,-0.145,-0.1,-0.065,-0.05,-0.035,-0.02,-0.005,0.005,0.015,0.015,0.015,0.015,0.02,-0.055,0.06,0.15,0.195,0.195,0.145,0.1,0.065,0.05,0.035,0.02,0.005,-0.005,-0.015,-0.015,-0.015,-0.015,-0.02
240,0.055,-0.065,-0.16,-0.2,-0.195,-0.145,-0.1,-0.065,-0.045,-0.035,-0.02,-0.005,0.0,0.01,0.015,0.01,0.015,0.02,-0.055,0.065,0.16,0.2,0.195,0.145,0.1,0.065,0.045,0.035,0.02,0.005,-0.0,-0.01,-0.015,-0.01,-0.015,-0.02
241,0.055,-0.075,-0.165,-0.21,-0.2,-0.145,-0.1,-0.06,-0.045,-0.035,-0.02,0.0,0.005,0.01,0.015,0.015,0.015,0.015,-0.055,0.075,0.165,0.21,0.2,0.145,0.1,0.06,0.045,0.035,0.02,-0.0,-0.005,-0.01,-0.015,-0.015,-0.015,-0.015
242,0.055,-0.065,-0.155,-0.205,-0.2,-0.145,-0.1,-0.065,-0.045,-0.035,-0.02,-0.005,0.01,0.01,0.015,0.02,0.015,0.015,-0.055,0.065,0.155,0.205,0.2,0.145,0.1,0.065,0.045,0.035,0.02,0.005,-0.01,-0.01,-0.015,-0.02,-0.015,-0.015
243,0.055,-0.065,-0.15,-0.2,-0.195,-0.145,-0.105,-0.065,-0.05,-0.04,-0.025,-0.005,0.0,0.01,0.015,0.015,0.015,0.015,-0.055,0.065,0.15,0.2,0.195,0.145,0.105,0.065,0.05,0.04,0.025,0.005,-0.0,-0.01,-0.015,-0.015,-0.015,-0.015
244,0.06,-0.055,-0.14,-0.195,-0.2,-0.145,-0.105,-0.075,-0.055,-0.045,-0.03,-0.015,0.0,0.005,0.015,0.01,0.01,0.01,-0.06,0.055,0.14,0.195,0.2,0.145,0.105,0.075,0.055,0.045,0.03,0.015,-0.0,-0.005,-0.015,-0.01,-0.01,-0.01
245,0.04,-0.08,-0.175,-0.225,-0.22,-0.16,-0.115,-0.08,-0.06,-0.045,-0.03,-0.01,-0.005,0.01,0.01,0.01,0.015,0.01,-0.04,0.08,0.175,0.225,0.22,0.16,0.115,0.08,0.06,0.045,0.03,0.01,0.005,-0.01,-0.01,-0.01,-0.015,-0.01
246,0.075,-0.065,-0.155,-0.215,-0.225,-0.165,-0.11,-0.08,-0.06,-0.045,-0.03,-0.015,0.005,0.01,0.015,0.02,0.015,0.02,-0.075,0.065,0.155,0.215,0.225,0.165,0.11,0.08,0.06,0.045,0.03,0.015,-0.005,-0.01,-0.015,-0.02,-0.015,-0.02
247,0.122,-0.045,-0.13,-0.205,-0.22,-0.17,-0.115,-0.08,-0.065,-0.045,-0.03,-0.015,0.0,0.01,0.01,0.02,0.015,0.02,-0.122,0.045,0.13,0.205,0.22,0.17,0.115,0.08,0.065,0.045,0.03,0.015,-0.0,-0.01,-0.01,-0.02,-0.015,-0.02
248,-0.045,-0.135,-0.195,-0.205,-0.165,-0.115,-0.08,-0.065,-0.045,-0.03,-0.02,0.0,0.01,0.01,0.015,0.02,0.01,0.02,0.045,0.135,0.195,0.205,0.165,0.115,0.08,0.065,0.045,0.03,0.02,-0.0,-0.01,-0.01,-0.015,-0.02,-0.01,-0.02
249,-0.055,-0.135,-0.2,-0.21,-0.16,-0.115,-0.08,-0.06,-0.045,-0.035,-0.02,-0.005,0.01,0.01,0.015,0.015,0.015,0.02,0.055,0.135,0.2,0.21,0.16,0.115,0.08,0.06,0.045,0.035,0.02,0.005,-0.01,-0.01,-0.015,-0.015,-0.015,-0.02
250,-0.045,-0.135,-0.195,-0.21,-0.155,-0.11,-0.075,-0.055,-0.045,-0.03,-0.015,0.0,0.005,0.015,0.015,0.015,0.015,0.015,0.045,0.135,0.195,0.21,0.155,0.11,0.075,0.055,0.045,0.03,0.015,-0.0,-0.005,-0.015,-0.015,-0.015,-0.015,-0.015
251,-0.045,-0.135,-0.205,-0.215,-0.16,-0.11,-0.075,-0.05,-0.04,-0.025,-0.015,0.0,0.01,0.01,0.02,0.02,0.015,0.02,0.045,0.135,0.205,0.215,0.16,0.11,0.075,0.05,0.04,0.025,0.015,-0.0,-0.01,-0.01,-0.02,-0.02,-0.015,-0.02
252,-0.05,-0.135,-0.21,-0.22,-0.16,-0.105,-0.065,-0.045,-0.035,-0.02,-0.005,0.01,0.015,0.025,0.025,0.03,0.03,0.025,0.05,0.135,0.21,0.22,0.16,0.105,0.065,0.045,0.035,0.02,0.005,-0.01,-0.015,-0.025,-0.025,-0.03,-0.03,-0.025
253,-0.05,-0.14,-0.205,-0.215,-0.165,-0.11,-0.07,-0.04,-0.03,-0.015,-0.005,0.01,0.02,0.02,0.03,0.025,0.025,0.03,0.05,0.14,0.205,0.215,0.165,0.11,0.07,0.04,0.03,0.015,0.005,-0.01,-0.02,-0.02,-0.03,-0.025,-0.025,-0.03
254,-0.05,-0.14,-0.2,-0.215,-0.155,-0.11,-0.065,-0.035,-0.025,-0.015,0.0,0.01,0.02,0.02,0.025,0.025,0.025,0.03,0.05,0.14,0.2,0.215,0.155,0.11,0.065,0.035,0.025,0.015,-0.0,-0.01,-0.02,-0.02,-0.025,-0.025,-0.025,-0.03
255,-0.02,-0.11,-0.18,-0.2,-0.14,-0.09,-0.06,-0.035,-0.015,-0.01,0.005,0.01,0.025,0.025,0.025,0.03,0.025,0.03,0.02,0.11,0.18,0.2,0.14,0.09,0.06,0.035,0.015,0.01,-0.005,-0.01,-0.025,-0.025,-0.025,-0.03,-0.025,-0.03
256,-0.045,-0.14,-0.205,-0.22,-0.165,-0.105,-0.055,-0.04,-0.02,-0.01,0.0,0.01,0.015,0.02,0.02,0.03,0.03,0.03,0.045,0.14,0.205,0.22,0.165,0.105,0.055,0.04,0.02,0.01,-0.0,-0.01,-0.015,-0.02,-0.02,-0.03,-0.03,-0.03
257,-0.04,-0.135,-0.19,-0.205,-0.15,-0.1,-0.055,-0.03,-0.02,-0.01,0.005,0.01,0.025,0.025,0.03,0.03,0.035,0.04,0.04,0.135,0.19,0.205,0.15,0.1,0.055,0.03,0.02,0.01,-0.005,-0.01,-0.025,-0.025,-0.03,-0.03,-0.035,-0.04
258,-0.04,-0.135,-0.19,-0.205,-0.155,-0.095,-0.05,-0.025,-0.01,0.0,0.01,0.02,0.02,0.025,0.03,0.035,0.04,0.04,0.04,0.135,0.19,0.205,0.155,0.095,0.05,0.025,0.01,-0.0,-0.01,-0.02,-0.02,-0.025,-0.03,-0.035,-0.04,-0.04
259,-0.05,-0.14,-0.2,-0.205,-0.15,-0.095,-0.04,-0.02,-0.005,0.005,0.015,0.02,0.02,0.025,0.03,0.035,0.04,0.04,0.05,0.14,0.2,0.205,0.15,0.095,0.04,0.02,0.005,-0.005,-0.015,-0.02,-0.02,-0.025,-0.03,-0.035,-0.04,-0.04
260,-0.065,-0.155,-0.21,-0.22,-0.16,-0.1,-0.04,-0.015,-0.005,0.005,0.015,0.015,0.025,0.025,0.03,0.035,0.035,0.045,0.065,0.155,0.21,0.22,0.16,0.1,0.04,0.015,0.005,-0.005,-0.015,-0.015,-0.025,-0.025,-0.03,-0.035,-0.035,-0.045
261,-0.08,-0.16,-0.21,-0.22,-0.165,-0.09,-0.04,-0.01,0.0,0.01,0.015,0.015,0.025,0.02,0.03,0.035,0.04,0.045,0.08,0.16,0.21,0.22,0.165,0.09,0.04,0.01,-0.0,-0.01,-0.015,-0.015,-0.025,-0.02,-0.03,-0.035,-0.04,-0.045
262,-0.115,-0.19,-0.23,-0.23,-0.17,-0.1,-0.035,-0.015,0.005,0.005,0.015,0.025,0.02,0.025,0.025,0.03,0.04,0.04,0.115,0.19,0.23,0.23,0.17,0.1,0.035,0.015,-0.005,-0.005,-0.015,-0.025,-0.02,-0.025,-0.025,-0.03,-0.04,-0.04
263,-0.1,-0.19,-0.235,-0.23,-0.175,-0.1,-0.04,-0.015,0.0,0.015,0.015,0.025,0.025,0.03,0.025,0.035,0.035,0.045,0.1,0.19,0.235,0.23,0.175,0.1,0.04,0.015,-0.0,-0.015,-0.015,-0.025,-0.025,-0.03,-0.025,-0.035,-0.035,-0.045
264,-0.08,-0.18,-0.23,-0.225,-0.175,-0.105,-0.05,-0.025,-0.01,0.0,0.005,0.015,0.02,0.02,0.025,0.03,0.025,0.03,0.08,0.18,0.23,0.225,0.175,0.105,0.05,0.025,0.01,-0.0,-0.005,-0.015,-0.02,-0.02,-0.025,-0.03,-0.025,-0.03
265,-0.065,-0.15,-0.205,-0.215,-0.17,-0.105,-0.055,-0.035,-0.015,-0.01,0.0,0.01,0.015,0.02,0.025,0.02,0.03,0.025,0.065,0.15,0.205,0.215,0.17,0.105,0.055,0.035,0.015,0.01,-0.0,-0.01,-0.015,-0.02,-0.025,-0.02,-0.03,-0.025
266,-0.08,-0.16,-0.21,-0.21,-0.165,-0.11,-0.055,-0.04,-0.02,-0.005,-0.005,0.01,0.015,0.02,0.025,0.025,0.025,0.025,0.08,0.16,0.21,0.21,0.165,0.11,0.055,0.04,0.02,0.005,0.005,-0.01,-0.015,-0.02,-0.025,-0.025,-0.025,-0.025
267,-0.08,-0.155,-0.205,-0.21,-0.17,-0.105,-0.06,-0.035,-0.02,-0.005,0.0,0.01,0.02,0.02,0.03,0.025,0.025,0.03,0.08,0.155,0.205,0.21,0.17,0.105,0.06,0.035,0.02,0.005,-0.0,-0.01,-0.02,-0.02,-0.03,-0.025,-0.025,-0.03
268,-0.06,-0.145,-0.195,-0.195,-0.155,-0.105,-0.055,-0.04,-0.02,-0.01,-0.005,0.01,0.02,0.02,0.025,0.03,0.025,0.03,0.06,0.145,0.195,0.195,0.155,0.105,0.055,0.04,0.02,0.01,0.005,-0.01,-0.02,-0.02,-0.025,-0.03,-0.025,-0.03
269,-0.055,-0.135,-0.185,-0.19,-0.15,-0.095,-0.06,-0.035,-0.015,-0.01,0.0,0.01,0.015,0.025,0.025,0.03,0.03,0.03,0.055,0.135,0.185,0.19,0.15,0.095,0.06,0.035,0.015,0.01,-0.0,-0.01,-0.015,-0.025,-0.025,-0.03,-0.03,-0.03
270,-0.055,-0.135,-0.18,-0.18,-0.145,-0.095,-0.055,-0.035,-0.02,-0.01,0.0,0.01,0.015,0.02,0.025,0.025,0.03,0.025,0.055,0.135,0.18,0.18,0.145,0.095,0.055,0.035,0.02,0.01,-0.0,-0.01,-0.015,-0.02,-0.025,-0.025,-0.03,-0.025
271,-0.08,-0.17,-0.21,-0.195,-0.14,-0.09,-0.045,-0.03,-0.01,0.0,0.005,0.02,0.025,0.025,0.03,0.03,0.035,0.035,0.08,0.17,0.21,0.195,0.14,0.09,0.045,0.03,0.01,-0.0,-0.005,-0.02,-0.025,-0.025,-0.03,-0.03,-0.035,-0.035
272,-0.07,-0.165,-0.215,-0.2,-0.15,-0.095,-0.045,-0.03,-0.015,0.0,0.005,0.02,0.025,0.035,0.03,0.03,0.035,0.035,0.07,0.165,0.215,0.2,0.15,0.095,0.045,0.03,0.015,-0.0,-0.005,-0.02,-0.025,-0.035,-0.03,-0.03,-0.035,-0.035
273,-0.085,-0.175,-0.22,-0.205,-0.155,-0.1,-0.055,-0.035,-0.015,0.0,0.01,0.02,0.03,0.03,0.035,0.035,0.03,0.03,0.085,0.175,0.22,0.205,0.155,0.1,0.055,0.035,0.015,-0.0,-0.01,-0.02,-0.03,-0.03,-0.035,-0.035,-0.03,-0.03
274,-0.08,-0.17,-0.215,-0.205,-0.155,-0.1,-0.055,-0.03,-0.005,0.005,0.01,0.025,0.035,0.035,0.035,0.035,0.035,0.035,0.08,0.17,0.215,0.205,0.155,0.1,0.055,0.03,0.005,-0.005,-0.01,-0.025,-0.035,-0.035,-0.035,-0.035,-0.035,-0.035
275,-0.095,-0.185,-0.23,-0.22,-0.17,-0.105,-0.045,-0.02,0.005,0.01,0.02,0.03,0.035,0.04,0.04,0.035,0.04,0.035,0.095,0.185,0.23,0.22,0.17,0.105,0.045,0.02,-0.005,-0.01,-0.02,-0.03,-0.035,-0.04,-0.04,-0.035,-0.04,-0.035
276,-0.115,-0.2,-0.24,-0.225,-0.17,-0.105,-0.045,-0.01,0.01,0.015,0.025,0.03,0.04,0.04,0.04,0.04,0.04,0.035,0.115,0.2,0.24,0.225,0.17,0.105,0.045,0.01,-0.01,-0.015,-0.025,-0.03,-0.04,-0.04,-0.04,-0.04,-0.04,-0.035
277,-0.135,-0.205,-0.24,-0.22,-0.17,-0.105,-0.045,-0.01,0.01,0.015,0.025,0.03,0.04,0.04,0.045,0.04,0.035,0.04,0.135,0.205,0.24,0.22,0.17,0.105,0.045,0.01,-0.01,-0.015,-0.025,-0.03,-0.04,-0.04,-0.045,-0.04,-0.035,-0.04
278,-0.13,-0.215,-0.25,-0.225,-0.175,-0.11,-0.045,-0.015,0.01,0.015,0.025,0.03,0.04,0.04,0.045,0.045,0.04,0.04,0.13,0.215,0.25,0.225,0.175,0.11,0.045,0.015,-0.01,-0.015,-0.025,-0.03,-0.04,-0.04,-0.045,-0.045,-0.04,-0.04
279,-0.14,-0.24,-0.275,-0.24,-0.185,-0.115,-0.045,-0.005,0.01,0.025,0.03,0.035,0.045,0.045,0.045,0.045,0.045,0.04,0.14,0.24,0.275,0.24,0.185,0.115,0.045,0.005,-0.01,-0.025,-0.03,-0.035,-0.045,-0.045,-0.045,-0.045,-0.045,-0.04
280,-0.14,-0.245,-0.275,-0.24,-0.185,-0.12,-0.055,-0.01,0.01,0.02,0.02,0.03,0.04,0.04,0.04,0.04,0.04,0.04,0.14,0.245,0.275,0.24,0.185,0.12,0.055,0.01,-0.01,-0.02,-0.02,-0.03,-0.04,-0.04,-0.04,-0.04,-0.04,-0.04
281,-0.14,-0.25,-0.29,-0.25,-0.19,-0.12,-0.06,-0.015,0.005,0.015,0.015,0.025,0.035,0.035,0.045,0.035,0.04,0.035,0.14,0.25,0.29,0.25,0.19,0.12,0.06,0.015,-0.005,-0.015,-0.015,-0.025,-0.035,-0.035,-0.045,-0.035,-0.04,-0.035
282,-0.13,-0.235,-0.275,-0.245,-0.185,-0.12,-0.055,-0.015,0.0,0.015,0.015,0.025,0.03,0.03,0.04,0.035,0.04,0.035,0.13,0.235,0.275,0.245,0.185,0.12,0.055,0.015,-0.0,-0.015,-0.015,-0.025,-0.03,-0.03,-0.04,-0.035,-0.04,-0.035
283,-0.135,-0.245,-0.28,-0.245,-0.185,-0.12,-0.055,-0.015,0.0,0.01,0.01,0.02,0.025,0.035,0.035,0.035,0.035,0.03,0.135,0.245,0.28,0.245,0.185,0.12,0.055,0.015,-0.0,-0.01,-0.01,-0.02,-0.025,-0.035,-0.035,-0.035,-0.035,-0.03
284,-0.125,-0.245,-0.28,-0.245,-0.19,-0.12,-0.06,-0.02,-0.005,0.005,0.01,0.015,0.025,0.03,0.03,0.03,0.03,0.025,0.125,0.245,0.28,0.245,0.19,0.12,0.06,0.02,0.005,-0.005,-0.01,-0.015,-0.025,-0.03,-0.03,-0.03,-0.03,-0.025
285,-0.13,-0.24,-0.275,-0.245,-0.19,-0.125,-0.06,-0.02,-0.005,0.005,0.015,0.015,0.03,0.03,0.035,0.03,0.035,0.03,0.13,0.24,0.275,0.245,0.19,0.125,0.06,0.02,0.005,-0.005,-0.015,-0.015,-0.03,-0.03,-0.035,-0.03,-0.035,-0.03
286,-0.12,-0.23,-0.27,-0.24,-0.185,-0.115,-0.06,-0.025,-0.005,0.005,0.015,0.015,0.025,0.03,0.035,0.03,0.03,0.03,0.12,0.23,0.27,0.24,0.185,0.115,0.06,0.025,0.005,-0.005,-0.015,-0.015,-0.025,-0.03,-0.035,-0.03,-0.03,-0.03
287,-0.11,-0.225,-0.26,-0.235,-0.18,-0.12,-0.06,-0.025,-0.01,0.005,0.01,0.015,0.025,0.025,0.03,0.03,0.03,0.03,0.11,0.225,0.26,0.235,0.18,0.12,0.06,0.025,0.01,-0.005,-0.01,-0.015,-0.025,-0.025,-0.03,-0.03,-0.03,-0.03
288,-0.135,-0.255,-0.285,-0.25,-0.185,-0.125,-0.065,-0.03,-0.005,0.0,0.01,0.015,0.025,0.03,0.03,0.03,0.03,0.025,0.135,0.255,0.285,0.25,0.185,0.125,0.065,0.03,0.005,-0.0,-0.01,-0.015,-0.025,-0.03,-0.03,-0.03,-0.03,-0.025
289,-0.13,-0.255,-0.28,-0.25,-0.19,-0.12,-0.07,-0.03,-0.005,0.005,0.005,0.015,0.025,0.03,0.03,0.03,0.035,0.03,0.13,0.255,0.28,0.25,0.19,0.12,0.07,0.03,0.005,-0.005,-0.005,-0.015,-0.025,-0.03,-0.03,-0.03,-0.035,-0.03
290,-0.145,-0.275,-0.3,-0.255,-0.195,-0.125,-0.065,-0.03,-0.005,0.005,0.015,0.015,0.03,0.03,0.035,0.03,0.035,0.03,0.145,0.275,0.3,0.255,0.195,0.125,0.065,0.03,0.005,-0.005,-0.015,-0.015,-0.03,-0.03,-0.035,-0.03,-0.035,-0.03
291,-0.125,-0.265,-0.3,-0.26,-0.195,-0.13,-0.065,-0.025,0.0,0.01,0.015,0.02,0.025,0.03,0.035,0.03,0.03,0.03,0.125,0.265,0.3,0.26,0.195,0.13,0.065,0.025,-0.0,-0.01,-0.015,-0.02,-0.025,-0.03,-0.035,-0.03,-0.03,-0.03
292,-0.11,-0.25,-0.29,-0.25,-0.195,-0.135,-0.075,-0.03,-0.005,0.005,0.01,0.015,0.025,0.025,0.03,0.025,0.03,0.025,0.11,0.25,0.29,0.25,0.195,0.135,0.075,0.03,0.005,-0.005,-0.01,-0.015,-0.025,-0.025,-0.03,-0.025,-0.03,-0.025
293,-0.115,-0.25,-0.295,-0.26,-0.205,-0.14,-0.08,-0.03,-0.01,0.005,0.01,0.015,0.02,0.025,0.025,0.025,0.03,0.025,0.115,0.25,0.295,0.26,0.205,0.14,0.08,0.03,0.01,-0.005,-0.01,-0.015,-0.02,-0.025,-0.025,-0.025,-0.03,-0.025
294,-0.1,-0.235,-0.285,-0.26,-0.2,-0.145,-0.085,-0.035,-0.01,0.0,0.01,0.01,0.025,0.02,0.025,0.025,0.03,0.03,0.1,0.235,0.285,0.26,0.2,0.145,0.085,0.035,0.01,-0.0,-0.01,-0.01,-0.025,-0.02,-0.025,-0.025,-0.03,-0.03
295,-0.095,-0.215,-0.26,-0.25,-0.195,-0.14,-0.085,-0.04,-0.01,0.0,0.01,0.01,0.02,0.02,0.025,0.03,0.025,0.03,0.095,0.215,0.26,0.25,0.195,0.14,0.085,0.04,0.01,-0.0,-0.01,-0.01,-0.02,-0.02,-0.025,-0.03,-0.025,-0.03
296,-0.085,-0.21,-0.255,-0.24,-0.19,-0.135,-0.085,-0.04,-0.01,-0.005,0.005,0.01,0.02,0.02,0.025,0.03,0.03,0.025,0.085,0.21,0.255,0.24,0.19,0.135,0.085,0.04,0.01,0.005,-0.005,-0.01,-0.02,-0.02,-0.025,-0.03,-0.03,-0.025
297,-0.11,-0.24,-0.285,-0.26,-0.205,-0.145,-0.08,-0.035,-0.01,0.0,0.01,0.015,0.02,0.02,0.025,0.03,0.03,0.03,0.11,0.24,0.285,0.26,0.205,0.145,0.08,0.035,0.01,-0.0,-0.01,-0.015,-0.02,-0.02,-0.025,-0.03,-0.03,-0.03
298,-0.135,-0.265,-0.305,-0.26,-0.21,-0.145,-0.08,-0.03,-0.005,0.005,0.01,0.015,0.025,0.025,0.025,0.03,0.03,0.03,0.135,0.265,0.305,0.26,0.21,0.145,0.08,0.03,0.005,-0.005,-0.01,-0.015,-0.025,-0.025,-0.025,-0.03,-0.03,-0.03
299,-0.17,-0.31,-0.325,-0.27,-0.205,-0.14,-0.075,-0.025,0.005,0.01,0.02,0.02,0.03,0.025,0.03,0.035,0.035,0.03,0.17,0.31,0.325,0.27,0.205,0.14,0.075,0.025,-0.005,-0.01,-0.02,-0.02,-0.03,-0.025,-0.03,-0.035,-0.035,-0.03
300,-0.18,-0.305,-0.32,-0.265,-0.195,-0.13,-0.065,-0.015,0.01,0.015,0.02,0.02,0.025,0.025,0.03,0.035,0.03,0.03,0.18,0.305,0.32,0.265,0.195,0.13,0.065,0.015,-0.01,-0.015,-0.02,-0.02,-0.025,-0.025,-0.03,-0.035,-0.03,-0.03
